{
  "schema": "AXIS_INDEPENDENCE_MATRIX_v1",
  "timestamp": "2026-03-27T07:24:37.760051+00:00Z",
  "d": 8,
  "n_trials": 150,
  "axes": [
    "Ax0:fine/coarse",
    "Ax1:dissipation",
    "Ax2:boundary",
    "Ax3:chirality",
    "Ax4:composition",
    "Ax6:action",
    "A7:[A1,A3]",
    "A8:[A1,A6]",
    "A9:[A3,A6]",
    "A12:[A1,A5]",
    "NEW:meas_basis"
  ],
  "overlap_matrix": [
    [
      0.0,
      0.5367822027556582,
      0.6448636256809808,
      0.13747217823664626,
      0.0,
      0.03926393398028179,
      0.2805259237273804,
      0.41287748569901617,
      0.12322769358176719,
      0.11040412252083226,
      0.24598873571710803
    ],
    [
      0.5367822027556582,
      0.0,
      0.772767455019413,
      0.3764635762255602,
      0.0,
      0.3854799254906139,
      0.17510366071006542,
      0.24580579898598004,
      0.12156332901095264,
      0.10738588589865358,
      0.12635826130492467
    ],
    [
      0.6448636256809808,
      0.772767455019413,
      0.0,
      0.3044638571829939,
      0.0,
      0.1350247998281815,
      0.20579418452355144,
      0.30190691936145186,
      0.11443880590411706,
      0.1089108306295827,
      0.13818628988524526
    ],
    [
      0.13747217823664626,
      0.3764635762255602,
      0.3044638571829939,
      0.0,
      0.0,
      0.14451859348351118,
      0.15551506036390786,
      0.11475382017772125,
      0.175063920487972,
      0.11366670835710506,
      0.1203594308838362
    ],
    [
      0.0,
      0.0,
      0.0,
      0.0,
      0.0,
      0.0,
      0.0,
      0.0,
      0.0,
      0.0,
      0.0
    ],
    [
      0.03926393398028179,
      0.3854799254906139,
      0.1350247998281815,
      0.14451859348351118,
      0.0,
      0.0,
      0.11100132032051706,
      0.15261772249434535,
      0.10186423264988423,
      0.16009489718754702,
      0.11628216033525668
    ],
    [
      0.2805259237273804,
      0.17510366071006542,
      0.20579418452355144,
      0.15551506036390786,
      0.0,
      0.11100132032051706,
      0.0,
      0.4823634646676954,
      0.32612976589346077,
      0.15387626667199095,
      0.11419008082020468
    ],
    [
      0.41287748569901617,
      0.24580579898598004,
      0.30190691936145186,
      0.11475382017772125,
      0.0,
      0.15261772249434535,
      0.4823634646676954,
      0.0,
      0.20050342622782732,
      0.5693052161968424,
      0.11448381992435791
    ],
    [
      0.12322769358176719,
      0.12156332901095264,
      0.11443880590411706,
      0.175063920487972,
      0.0,
      0.10186423264988423,
      0.32612976589346077,
      0.20050342622782732,
      0.0,
      0.30668849347978205,
      0.10833978623559226
    ],
    [
      0.11040412252083226,
      0.10738588589865358,
      0.1089108306295827,
      0.11366670835710506,
      0.0,
      0.16009489718754702,
      0.15387626667199095,
      0.5693052161968424,
      0.30668849347978205,
      0.0,
      0.10489520370770067
    ],
    [
      0.24598873571710803,
      0.12635826130492467,
      0.13818628988524526,
      0.1203594308838362,
      0.0,
      0.11628216033525668,
      0.11419008082020468,
      0.11448381992435791,
      0.10833978623559226,
      0.10489520370770067,
      0.0
    ]
  ],
  "norm_avgs": [
    0.1952475666081265,
    0.403726583775679,
    0.490320471776079,
    0.5999315530970031,
    5.0123176185388215e-17,
    0.20647700464677926,
    0.6324073101436962,
    0.39458712790577016,
    0.5515777261587896,
    0.45257506746256715,
    0.1622751853139281
  ],
  "n_clusters": 8,
  "clusters": [
    [
      "Ax0:fine/coarse",
      "Ax1:dissipation",
      "Ax2:boundary"
    ],
    [
      "Ax3:chirality"
    ],
    [
      "Ax4:composition"
    ],
    [
      "Ax6:action"
    ],
    [
      "A7:[A1,A3]"
    ],
    [
      "A8:[A1,A6]",
      "A12:[A1,A5]"
    ],
    [
      "A9:[A3,A6]"
    ],
    [
      "NEW:meas_basis"
    ]
  ]
}