{
  "schema": "AXIS_CANDIDATE_MASS_SWEEP_v1",
  "timestamp": "2026-03-27T08:28:38.637721+00:00Z",
  "n_trials": 300,
  "r_values": [
    1.0,
    0.8,
    0.6,
    0.4,
    0.2
  ],
  "results": {
    "r=1.0": {
      "mean_alpha": 0.4960210466706807,
      "candidate_names": [
        "Ax0_coarse",
        "Ax1_dissipation",
        "Ax2_boundary",
        "Ax3_cp_mirror",
        "Ax3_parity_exchange",
        "Ax3_gamma5_phase",
        "Ax4_composition_order",
        "Ax4_path_direction",
        "Ax4_process_commutator",
        "Ax5_curvature_geodesic",
        "Ax5_entropy_shape",
        "Ax6_action_side",
        "Ax6_left_right_channel"
      ],
      "families": [
        "Ax0",
        "Ax1",
        "Ax2",
        "Ax3",
        "Ax3",
        "Ax3",
        "Ax4",
        "Ax4",
        "Ax4",
        "Ax5",
        "Ax5",
        "Ax6",
        "Ax6"
      ],
      "norms": [
        0.4627603312723021,
        0.2870401812554841,
        0.4757270411112336,
        1.052709154317867,
        1.247910666381076,
        0.9992808467605022,
        4.552624890478351e-16,
        0.8358657588648382,
        8.906592280169053e-17,
        0.025442518033499256,
        0.771267218787171,
        0.6267830764513805,
        0.0
      ],
      "overlap": [
        [
          0.0,
          0.1015309261107069,
          0.16492594644633976,
          0.4472004861844168,
          0.603804057272546,
          6.775387622141483e-17,
          0.0,
          0.07079825734824871,
          0.0,
          0.6717259926707904,
          1.0,
          0.07251305260507995,
          0.0
        ],
        [
          0.1015309261107069,
          0.0,
          0.2199065924744465,
          0.22895962637769368,
          0.1972675834158388,
          0.3836401001569188,
          0.0,
          0.5358166878953294,
          0.0,
          0.19924287067823007,
          0.10153092611070691,
          0.5692931047851165,
          0.0
        ],
        [
          0.16492594644633976,
          0.2199065924744465,
          0.0,
          0.20482511914455667,
          0.19269465978213587,
          0.3473815692833181,
          0.0,
          0.2482244771749374,
          0.0,
          0.1428972413997994,
          0.16492594644633976,
          0.3083674815054361,
          0.0
        ],
        [
          0.4472004861844168,
          0.22895962637769368,
          0.20482511914455667,
          0.0,
          0.5423936240397635,
          4.5984743815435044e-17,
          0.0,
          0.17000636583728035,
          0.0,
          0.4679303234176597,
          0.4472004861844168,
          0.16904851814345406,
          0.0
        ],
        [
          0.603804057272546,
          0.1972675834158388,
          0.19269465978213587,
          0.5423936240397635,
          0.0,
          0.17288769589864464,
          0.0,
          0.15937386508246498,
          0.0,
          0.49436168417764453,
          0.603804057272546,
          0.1610382937234801,
          0.0
        ],
        [
          6.775387622141483e-17,
          0.3836401001569188,
          0.3473815692833181,
          4.5984743815435044e-17,
          0.17288769589864464,
          0.0,
          0.0,
          0.35784130377263135,
          0.0,
          0.06655780480094213,
          5.790376565454353e-17,
          0.36784124623898423,
          0.0
        ],
        [
          0.0,
          0.0,
          0.0,
          0.0,
          0.0,
          0.0,
          0.0,
          0.0,
          0.0,
          0.0,
          0.0,
          0.0,
          0.0
        ],
        [
          0.07079825734824871,
          0.5358166878953294,
          0.2482244771749374,
          0.17000636583728035,
          0.15937386508246498,
          0.35784130377263135,
          0.0,
          0.0,
          0.0,
          0.18793739529908957,
          0.07079825734824871,
          0.970891178849123,
          0.0
        ],
        [
          0.0,
          0.0,
          0.0,
          0.0,
          0.0,
          0.0,
          0.0,
          0.0,
          0.0,
          0.0,
          0.0,
          0.0,
          0.0
        ],
        [
          0.6717259926707904,
          0.19924287067823007,
          0.1428972413997994,
          0.4679303234176597,
          0.49436168417764453,
          0.06655780480094213,
          0.0,
          0.18793739529908957,
          0.0,
          0.0,
          0.6717259926707904,
          0.1864784739657199,
          0.0
        ],
        [
          1.0,
          0.10153092611070691,
          0.16492594644633976,
          0.4472004861844168,
          0.603804057272546,
          5.790376565454353e-17,
          0.0,
          0.07079825734824871,
          0.0,
          0.6717259926707904,
          0.0,
          0.07251305260507995,
          0.0
        ],
        [
          0.07251305260507995,
          0.5692931047851165,
          0.3083674815054361,
          0.16904851814345406,
          0.1610382937234801,
          0.36784124623898423,
          0.0,
          0.970891178849123,
          0.0,
          0.1864784739657199,
          0.07251305260507995,
          0.0,
          0.0
        ],
        [
          0.0,
          0.0,
          0.0,
          0.0,
          0.0,
          0.0,
          0.0,
          0.0,
          0.0,
          0.0,
          0.0,
          0.0,
          0.0
        ]
      ],
      "family_best": {
        "Ax0": [
          {
            "name": "Ax0_coarse",
            "norm": 0.4627603312723021,
            "max_overlap": 1.0
          }
        ],
        "Ax1": [
          {
            "name": "Ax1_dissipation",
            "norm": 0.2870401812554841,
            "max_overlap": 0.5692931047851165
          }
        ],
        "Ax2": [
          {
            "name": "Ax2_boundary",
            "norm": 0.4757270411112336,
            "max_overlap": 0.3473815692833181
          }
        ],
        "Ax3": [
          {
            "name": "Ax3_gamma5_phase",
            "norm": 0.9992808467605022,
            "max_overlap": 0.3836401001569188
          },
          {
            "name": "Ax3_cp_mirror",
            "norm": 1.052709154317867,
            "max_overlap": 0.5423936240397635
          },
          {
            "name": "Ax3_parity_exchange",
            "norm": 1.247910666381076,
            "max_overlap": 0.603804057272546
          }
        ],
        "Ax4": [
          {
            "name": "Ax4_composition_order",
            "norm": 4.552624890478351e-16,
            "max_overlap": 0.0
          },
          {
            "name": "Ax4_process_commutator",
            "norm": 8.906592280169053e-17,
            "max_overlap": 0.0
          },
          {
            "name": "Ax4_path_direction",
            "norm": 0.8358657588648382,
            "max_overlap": 0.970891178849123
          }
        ],
        "Ax5": [
          {
            "name": "Ax5_curvature_geodesic",
            "norm": 0.025442518033499256,
            "max_overlap": 0.6717259926707904
          },
          {
            "name": "Ax5_entropy_shape",
            "norm": 0.771267218787171,
            "max_overlap": 1.0
          }
        ],
        "Ax6": [
          {
            "name": "Ax6_left_right_channel",
            "norm": 0.0,
            "max_overlap": 0.0
          },
          {
            "name": "Ax6_action_side",
            "norm": 0.6267830764513805,
            "max_overlap": 0.970891178849123
          }
        ]
      }
    },
    "r=0.8": {
      "mean_alpha": 0.497329715970444,
      "candidate_names": [
        "Ax0_coarse",
        "Ax1_dissipation",
        "Ax2_boundary",
        "Ax3_cp_mirror",
        "Ax3_parity_exchange",
        "Ax3_gamma5_phase",
        "Ax4_composition_order",
        "Ax4_path_direction",
        "Ax4_process_commutator",
        "Ax5_curvature_geodesic",
        "Ax5_entropy_shape",
        "Ax6_action_side",
        "Ax6_left_right_channel"
      ],
      "families": [
        "Ax0",
        "Ax1",
        "Ax2",
        "Ax3",
        "Ax3",
        "Ax3",
        "Ax4",
        "Ax4",
        "Ax4",
        "Ax5",
        "Ax5",
        "Ax6",
        "Ax6"
      ],
      "norms": [
        0.37466438856678985,
        0.2373318169700066,
        0.3849963510014686,
        0.8313004121754632,
        0.9936092331199922,
        0.8094722412501454,
        4.233811259889795e-16,
        0.6702021255645423,
        7.028499678231907e-17,
        0.020262454902967745,
        0.7376776096333029,
        0.5046804659595061,
        0.0
      ],
      "overlap": [
        [
          0.0,
          0.08662655238300791,
          0.14893621962862513,
          0.4531536964696306,
          0.6138288353905653,
          7.14781776226193e-17,
          0.0,
          0.07035566758985048,
          0.0,
          0.6709155347902971,
          0.9904633821289103,
          0.06834820451528796,
          0.0
        ],
        [
          0.08662655238300791,
          0.0,
          0.23997279652951467,
          0.22129493012931653,
          0.18285684940905458,
          0.35488631772216844,
          0.0,
          0.5557824703843016,
          0.0,
          0.1775693625250222,
          0.09911503506826536,
          0.5873297478704022,
          0.0
        ],
        [
          0.14893621962862513,
          0.23997279652951467,
          0.0,
          0.1879734506774,
          0.17636860250659253,
          0.35315193129286054,
          0.0,
          0.2609615677724965,
          0.0,
          0.16539135159058285,
          0.14554524716924352,
          0.31429053273464563,
          0.0
        ],
        [
          0.4531536964696306,
          0.22129493012931653,
          0.1879734506774,
          0.0,
          0.5504658503565256,
          5.497596268585777e-17,
          0.0,
          0.17394514253395477,
          0.0,
          0.4628691906699188,
          0.48059290753541317,
          0.17283555933147393,
          0.0
        ],
        [
          0.6138288353905653,
          0.18285684940905458,
          0.17636860250659253,
          0.5504658503565256,
          0.0,
          0.183463286936818,
          0.0,
          0.15503528554469706,
          0.0,
          0.4856602424919895,
          0.6352299314820136,
          0.15423470485141585,
          0.0
        ],
        [
          7.14781776226193e-17,
          0.35488631772216844,
          0.35315193129286054,
          5.497596268585777e-17,
          0.183463286936818,
          0.0,
          0.0,
          0.35541342974532386,
          0.0,
          0.06652888334728393,
          6.098507665069685e-17,
          0.36396125079733826,
          0.0
        ],
        [
          0.0,
          0.0,
          0.0,
          0.0,
          0.0,
          0.0,
          0.0,
          0.0,
          0.0,
          0.0,
          0.0,
          0.0,
          0.0
        ],
        [
          0.07035566758985048,
          0.5557824703843016,
          0.2609615677724965,
          0.17394514253395477,
          0.15503528554469706,
          0.35541342974532386,
          0.0,
          0.0,
          0.0,
          0.19176892279256896,
          0.059431109665276045,
          0.9710109347847856,
          0.0
        ],
        [
          0.0,
          0.0,
          0.0,
          0.0,
          0.0,
          0.0,
          0.0,
          0.0,
          0.0,
          0.0,
          0.0,
          0.0,
          0.0
        ],
        [
          0.6709155347902971,
          0.1775693625250222,
          0.16539135159058285,
          0.4628691906699188,
          0.4856602424919895,
          0.06652888334728393,
          0.0,
          0.19176892279256896,
          0.0,
          0.0,
          0.6835219042680204,
          0.19257718794064888,
          0.0
        ],
        [
          0.9904633821289103,
          0.09911503506826536,
          0.14554524716924352,
          0.48059290753541317,
          0.6352299314820136,
          6.098507665069685e-17,
          0.0,
          0.059431109665276045,
          0.0,
          0.6835219042680204,
          0.0,
          0.05774088944446767,
          0.0
        ],
        [
          0.06834820451528796,
          0.5873297478704022,
          0.31429053273464563,
          0.17283555933147393,
          0.15423470485141585,
          0.36396125079733826,
          0.0,
          0.9710109347847856,
          0.0,
          0.19257718794064888,
          0.05774088944446767,
          0.0,
          0.0
        ],
        [
          0.0,
          0.0,
          0.0,
          0.0,
          0.0,
          0.0,
          0.0,
          0.0,
          0.0,
          0.0,
          0.0,
          0.0,
          0.0
        ]
      ],
      "family_best": {
        "Ax0": [
          {
            "name": "Ax0_coarse",
            "norm": 0.37466438856678985,
            "max_overlap": 0.9904633821289103
          }
        ],
        "Ax1": [
          {
            "name": "Ax1_dissipation",
            "norm": 0.2373318169700066,
            "max_overlap": 0.5873297478704022
          }
        ],
        "Ax2": [
          {
            "name": "Ax2_boundary",
            "norm": 0.3849963510014686,
            "max_overlap": 0.35315193129286054
          }
        ],
        "Ax3": [
          {
            "name": "Ax3_gamma5_phase",
            "norm": 0.8094722412501454,
            "max_overlap": 0.36396125079733826
          },
          {
            "name": "Ax3_cp_mirror",
            "norm": 0.8313004121754632,
            "max_overlap": 0.5504658503565256
          },
          {
            "name": "Ax3_parity_exchange",
            "norm": 0.9936092331199922,
            "max_overlap": 0.6352299314820136
          }
        ],
        "Ax4": [
          {
            "name": "Ax4_composition_order",
            "norm": 4.233811259889795e-16,
            "max_overlap": 0.0
          },
          {
            "name": "Ax4_process_commutator",
            "norm": 7.028499678231907e-17,
            "max_overlap": 0.0
          },
          {
            "name": "Ax4_path_direction",
            "norm": 0.6702021255645423,
            "max_overlap": 0.9710109347847856
          }
        ],
        "Ax5": [
          {
            "name": "Ax5_curvature_geodesic",
            "norm": 0.020262454902967745,
            "max_overlap": 0.6835219042680204
          },
          {
            "name": "Ax5_entropy_shape",
            "norm": 0.7376776096333029,
            "max_overlap": 0.9904633821289103
          }
        ],
        "Ax6": [
          {
            "name": "Ax6_left_right_channel",
            "norm": 0.0,
            "max_overlap": 0.0
          },
          {
            "name": "Ax6_action_side",
            "norm": 0.5046804659595061,
            "max_overlap": 0.9710109347847856
          }
        ]
      }
    },
    "r=0.6": {
      "mean_alpha": 0.4932565974989537,
      "candidate_names": [
        "Ax0_coarse",
        "Ax1_dissipation",
        "Ax2_boundary",
        "Ax3_cp_mirror",
        "Ax3_parity_exchange",
        "Ax3_gamma5_phase",
        "Ax4_composition_order",
        "Ax4_path_direction",
        "Ax4_process_commutator",
        "Ax5_curvature_geodesic",
        "Ax5_entropy_shape",
        "Ax6_action_side",
        "Ax6_left_right_channel"
      ],
      "families": [
        "Ax0",
        "Ax1",
        "Ax2",
        "Ax3",
        "Ax3",
        "Ax3",
        "Ax4",
        "Ax4",
        "Ax4",
        "Ax5",
        "Ax5",
        "Ax6",
        "Ax6"
      ],
      "norms": [
        0.279098954851194,
        0.18847705557671682,
        0.3038170207857183,
        0.6250093787071667,
        0.7393246139958153,
        0.6043323612273535,
        4.017347875355662e-16,
        0.49672070801746426,
        5.141114209310088e-17,
        0.01491942537856018,
        0.6797255348019076,
        0.37300504450088035,
        0.0
      ],
      "overlap": [
        [
          0.0,
          0.08146155469294371,
          0.13614073309685465,
          0.44676574700218036,
          0.5988046208891749,
          7.558851963430681e-17,
          0.0,
          0.07516333493739079,
          0.0,
          0.6554206237411621,
          0.9479363914731207,
          0.07415054387022606,
          0.0
        ],
        [
          0.08146155469294371,
          0.0,
          0.25133620338662643,
          0.2507876444923523,
          0.2044818581274738,
          0.3318985549822446,
          0.0,
          0.5081533125087802,
          0.0,
          0.17476705704093395,
          0.10837404570420522,
          0.5381395856990477,
          0.0
        ],
        [
          0.13614073309685465,
          0.25133620338662643,
          0.0,
          0.1813066176514067,
          0.1833663797920747,
          0.3364084574597486,
          0.0,
          0.23968389401907209,
          0.0,
          0.22689755231077674,
          0.13959397360481002,
          0.28967530139666287,
          0.0
        ],
        [
          0.44676574700218036,
          0.2507876444923523,
          0.1813066176514067,
          0.0,
          0.5501165824361189,
          5.894889163534144e-17,
          0.0,
          0.16079947835968503,
          0.0,
          0.45285747453514025,
          0.4854179825031367,
          0.16349800002254142,
          0.0
        ],
        [
          0.5988046208891749,
          0.2044818581274738,
          0.1833663797920747,
          0.5501165824361189,
          0.0,
          0.19497570805900188,
          0.0,
          0.17013411425210492,
          0.0,
          0.46510955972678936,
          0.62161675985219,
          0.17104043280461526,
          0.0
        ],
        [
          7.558851963430681e-17,
          0.3318985549822446,
          0.3364084574597486,
          5.894889163534144e-17,
          0.19497570805900188,
          0.0,
          0.0,
          0.36535457804603416,
          0.0,
          0.0699202073523047,
          5.912324024536616e-17,
          0.38043335559890973,
          0.0
        ],
        [
          0.0,
          0.0,
          0.0,
          0.0,
          0.0,
          0.0,
          0.0,
          0.0,
          0.0,
          0.0,
          0.0,
          0.0,
          0.0
        ],
        [
          0.07516333493739079,
          0.5081533125087802,
          0.23968389401907209,
          0.16079947835968503,
          0.17013411425210492,
          0.36535457804603416,
          0.0,
          0.0,
          0.0,
          0.18072655171979463,
          0.05100618235522119,
          0.9715318929356022,
          0.0
        ],
        [
          0.0,
          0.0,
          0.0,
          0.0,
          0.0,
          0.0,
          0.0,
          0.0,
          0.0,
          0.0,
          0.0,
          0.0,
          0.0
        ],
        [
          0.6554206237411621,
          0.17476705704093395,
          0.22689755231077674,
          0.45285747453514025,
          0.46510955972678936,
          0.0699202073523047,
          0.0,
          0.18072655171979463,
          0.0,
          0.0,
          0.6582096314228227,
          0.18168452419895081,
          0.0
        ],
        [
          0.9479363914731207,
          0.10837404570420522,
          0.13959397360481002,
          0.4854179825031367,
          0.62161675985219,
          5.912324024536616e-17,
          0.0,
          0.05100618235522119,
          0.0,
          0.6582096314228227,
          0.0,
          0.05033473665010346,
          0.0
        ],
        [
          0.07415054387022606,
          0.5381395856990477,
          0.28967530139666287,
          0.16349800002254142,
          0.17104043280461526,
          0.38043335559890973,
          0.0,
          0.9715318929356022,
          0.0,
          0.18168452419895081,
          0.05033473665010346,
          0.0,
          0.0
        ],
        [
          0.0,
          0.0,
          0.0,
          0.0,
          0.0,
          0.0,
          0.0,
          0.0,
          0.0,
          0.0,
          0.0,
          0.0,
          0.0
        ]
      ],
      "family_best": {
        "Ax0": [
          {
            "name": "Ax0_coarse",
            "norm": 0.279098954851194,
            "max_overlap": 0.9479363914731207
          }
        ],
        "Ax1": [
          {
            "name": "Ax1_dissipation",
            "norm": 0.18847705557671682,
            "max_overlap": 0.5381395856990477
          }
        ],
        "Ax2": [
          {
            "name": "Ax2_boundary",
            "norm": 0.3038170207857183,
            "max_overlap": 0.3364084574597486
          }
        ],
        "Ax3": [
          {
            "name": "Ax3_gamma5_phase",
            "norm": 0.6043323612273535,
            "max_overlap": 0.38043335559890973
          },
          {
            "name": "Ax3_cp_mirror",
            "norm": 0.6250093787071667,
            "max_overlap": 0.5501165824361189
          },
          {
            "name": "Ax3_parity_exchange",
            "norm": 0.7393246139958153,
            "max_overlap": 0.62161675985219
          }
        ],
        "Ax4": [
          {
            "name": "Ax4_composition_order",
            "norm": 4.017347875355662e-16,
            "max_overlap": 0.0
          },
          {
            "name": "Ax4_process_commutator",
            "norm": 5.141114209310088e-17,
            "max_overlap": 0.0
          },
          {
            "name": "Ax4_path_direction",
            "norm": 0.49672070801746426,
            "max_overlap": 0.9715318929356022
          }
        ],
        "Ax5": [
          {
            "name": "Ax5_curvature_geodesic",
            "norm": 0.01491942537856018,
            "max_overlap": 0.6582096314228227
          },
          {
            "name": "Ax5_entropy_shape",
            "norm": 0.6797255348019076,
            "max_overlap": 0.9479363914731207
          }
        ],
        "Ax6": [
          {
            "name": "Ax6_left_right_channel",
            "norm": 0.0,
            "max_overlap": 0.0
          },
          {
            "name": "Ax6_action_side",
            "norm": 0.37300504450088035,
            "max_overlap": 0.9715318929356022
          }
        ]
      }
    },
    "r=0.4": {
      "mean_alpha": 0.5042637691600137,
      "candidate_names": [
        "Ax0_coarse",
        "Ax1_dissipation",
        "Ax2_boundary",
        "Ax3_cp_mirror",
        "Ax3_parity_exchange",
        "Ax3_gamma5_phase",
        "Ax4_composition_order",
        "Ax4_path_direction",
        "Ax4_process_commutator",
        "Ax5_curvature_geodesic",
        "Ax5_entropy_shape",
        "Ax6_action_side",
        "Ax6_left_right_channel"
      ],
      "families": [
        "Ax0",
        "Ax1",
        "Ax2",
        "Ax3",
        "Ax3",
        "Ax3",
        "Ax4",
        "Ax4",
        "Ax4",
        "Ax5",
        "Ax5",
        "Ax6",
        "Ax6"
      ],
      "norms": [
        0.18714692416759898,
        0.15021913168387638,
        0.23962903658469978,
        0.4217992453854139,
        0.49799666895508743,
        0.4035131824258922,
        3.9246052868456115e-16,
        0.33493234265939076,
        3.607845483586037e-17,
        0.010076684686962087,
        0.6137296764334789,
        0.25236334644849173,
        0.0
      ],
      "overlap": [
        [
          0.0,
          0.06395115139138603,
          0.12545315797726653,
          0.46260102546498255,
          0.6150851186123728,
          7.363192375011637e-17,
          0.0,
          0.06552506791617557,
          0.0,
          0.6667938847939432,
          0.8341204197155769,
          0.06584360195427853,
          0.0
        ],
        [
          0.06395115139138603,
          0.0,
          0.33242354038151467,
          0.2332769928595431,
          0.18983167446727814,
          0.2581531496866677,
          0.0,
          0.4353614975041138,
          0.0,
          0.16367946749817083,
          0.09980836031921204,
          0.4653715819351962,
          0.0
        ],
        [
          0.12545315797726653,
          0.33242354038151467,
          0.0,
          0.15124471100974726,
          0.15120264059994223,
          0.2798668455871035,
          0.0,
          0.22816297560084317,
          0.0,
          0.248768072562507,
          0.14008809707891254,
          0.26243495013844026,
          0.0
        ],
        [
          0.46260102546498255,
          0.2332769928595431,
          0.15124471100974726,
          0.0,
          0.5520492020307869,
          6.048121093026817e-17,
          0.0,
          0.1582263398389174,
          0.0,
          0.46298235133105065,
          0.45810112128548375,
          0.161020981471783,
          0.0
        ],
        [
          0.6150851186123728,
          0.18983167446727814,
          0.15120264059994223,
          0.5520492020307869,
          0.0,
          0.17140936055284958,
          0.0,
          0.17182731302656884,
          0.0,
          0.4829380330968085,
          0.5750440247435745,
          0.16870489509694617,
          0.0
        ],
        [
          7.363192375011637e-17,
          0.2581531496866677,
          0.2798668455871035,
          6.048121093026817e-17,
          0.17140936055284958,
          0.0,
          0.0,
          0.3636910804329105,
          0.0,
          0.06883883345206789,
          6.181305277369934e-17,
          0.3719834069849854,
          0.0
        ],
        [
          0.0,
          0.0,
          0.0,
          0.0,
          0.0,
          0.0,
          0.0,
          0.0,
          0.0,
          0.0,
          0.0,
          0.0,
          0.0
        ],
        [
          0.06552506791617557,
          0.4353614975041138,
          0.22816297560084317,
          0.1582263398389174,
          0.17182731302656884,
          0.3636910804329105,
          0.0,
          0.0,
          0.0,
          0.18842963576058466,
          0.03282582824567657,
          0.9714598505099493,
          0.0
        ],
        [
          0.0,
          0.0,
          0.0,
          0.0,
          0.0,
          0.0,
          0.0,
          0.0,
          0.0,
          0.0,
          0.0,
          0.0,
          0.0
        ],
        [
          0.6667938847939432,
          0.16367946749817083,
          0.248768072562507,
          0.46298235133105065,
          0.4829380330968085,
          0.06883883345206789,
          0.0,
          0.18842963576058466,
          0.0,
          0.0,
          0.5996693974764284,
          0.19016640424924047,
          0.0
        ],
        [
          0.8341204197155769,
          0.09980836031921204,
          0.14008809707891254,
          0.45810112128548375,
          0.5750440247435745,
          6.181305277369934e-17,
          0.0,
          0.03282582824567657,
          0.0,
          0.5996693974764284,
          0.0,
          0.0329678098944299,
          0.0
        ],
        [
          0.06584360195427853,
          0.4653715819351962,
          0.26243495013844026,
          0.161020981471783,
          0.16870489509694617,
          0.3719834069849854,
          0.0,
          0.9714598505099493,
          0.0,
          0.19016640424924047,
          0.0329678098944299,
          0.0,
          0.0
        ],
        [
          0.0,
          0.0,
          0.0,
          0.0,
          0.0,
          0.0,
          0.0,
          0.0,
          0.0,
          0.0,
          0.0,
          0.0,
          0.0
        ]
      ],
      "family_best": {
        "Ax0": [
          {
            "name": "Ax0_coarse",
            "norm": 0.18714692416759898,
            "max_overlap": 0.8341204197155769
          }
        ],
        "Ax1": [
          {
            "name": "Ax1_dissipation",
            "norm": 0.15021913168387638,
            "max_overlap": 0.4653715819351962
          }
        ],
        "Ax2": [
          {
            "name": "Ax2_boundary",
            "norm": 0.23962903658469978,
            "max_overlap": 0.33242354038151467
          }
        ],
        "Ax3": [
          {
            "name": "Ax3_gamma5_phase",
            "norm": 0.4035131824258922,
            "max_overlap": 0.3719834069849854
          },
          {
            "name": "Ax3_cp_mirror",
            "norm": 0.4217992453854139,
            "max_overlap": 0.5520492020307869
          },
          {
            "name": "Ax3_parity_exchange",
            "norm": 0.49799666895508743,
            "max_overlap": 0.6150851186123728
          }
        ],
        "Ax4": [
          {
            "name": "Ax4_composition_order",
            "norm": 3.9246052868456115e-16,
            "max_overlap": 0.0
          },
          {
            "name": "Ax4_process_commutator",
            "norm": 3.607845483586037e-17,
            "max_overlap": 0.0
          },
          {
            "name": "Ax4_path_direction",
            "norm": 0.33493234265939076,
            "max_overlap": 0.9714598505099493
          }
        ],
        "Ax5": [
          {
            "name": "Ax5_curvature_geodesic",
            "norm": 0.010076684686962087,
            "max_overlap": 0.6667938847939432
          },
          {
            "name": "Ax5_entropy_shape",
            "norm": 0.6137296764334789,
            "max_overlap": 0.8341204197155769
          }
        ],
        "Ax6": [
          {
            "name": "Ax6_left_right_channel",
            "norm": 0.0,
            "max_overlap": 0.0
          },
          {
            "name": "Ax6_action_side",
            "norm": 0.25236334644849173,
            "max_overlap": 0.9714598505099493
          }
        ]
      }
    },
    "r=0.2": {
      "mean_alpha": 0.5005499701164399,
      "candidate_names": [
        "Ax0_coarse",
        "Ax1_dissipation",
        "Ax2_boundary",
        "Ax3_cp_mirror",
        "Ax3_parity_exchange",
        "Ax3_gamma5_phase",
        "Ax4_composition_order",
        "Ax4_path_direction",
        "Ax4_process_commutator",
        "Ax5_curvature_geodesic",
        "Ax5_entropy_shape",
        "Ax6_action_side",
        "Ax6_left_right_channel"
      ],
      "families": [
        "Ax0",
        "Ax1",
        "Ax2",
        "Ax3",
        "Ax3",
        "Ax3",
        "Ax4",
        "Ax4",
        "Ax4",
        "Ax5",
        "Ax5",
        "Ax6",
        "Ax6"
      ],
      "norms": [
        0.09362317282173602,
        0.11863478239740888,
        0.18954171994863034,
        0.2012620172230184,
        0.25150459967470873,
        0.20338368621672398,
        3.957192659705477e-16,
        0.1662897462656554,
        1.8241118872710618e-17,
        0.005029643017695784,
        0.5382354550188911,
        0.12542828383786148,
        0.0
      ],
      "overlap": [
        [
          0.0,
          0.04425394972676628,
          0.08832869121513072,
          0.4317368060128918,
          0.6258279103743505,
          1.0898070144135622e-16,
          0.0,
          0.06854860527392458,
          0.0,
          0.6625103900253267,
          0.5472894768841511,
          0.06900355715784148,
          0.0
        ],
        [
          0.04425394972676628,
          0.0,
          0.5431013537669251,
          0.27582155892383,
          0.21970729005345527,
          0.17334803336740987,
          0.0,
          0.2803672730759078,
          0.0,
          0.1808545235865739,
          0.07725766080577397,
          0.3098821320402556,
          0.0
        ],
        [
          0.08832869121513072,
          0.5431013537669251,
          0.0,
          0.10908348055343202,
          0.10610203424982921,
          0.16715514726774156,
          0.0,
          0.21075353433206398,
          0.0,
          0.25357024936334455,
          0.0948114044809946,
          0.22266424548930155,
          0.0
        ],
        [
          0.4317368060128918,
          0.27582155892383,
          0.10908348055343202,
          0.0,
          0.5244253127494783,
          9.882424260026735e-17,
          0.0,
          0.18638429938893997,
          0.0,
          0.4538074646080895,
          0.29245082969604497,
          0.1847530226155229,
          0.0
        ],
        [
          0.6258279103743505,
          0.21970729005345527,
          0.10610203424982921,
          0.5244253127494783,
          0.0,
          0.18273077809084037,
          0.0,
          0.16170711552178657,
          0.0,
          0.5026882302575789,
          0.390178492246224,
          0.1619045486450537,
          0.0
        ],
        [
          1.0898070144135622e-16,
          0.17334803336740987,
          0.16715514726774156,
          9.882424260026735e-17,
          0.18273077809084037,
          0.0,
          0.0,
          0.35004464736945184,
          0.0,
          0.06364036081256612,
          7.576112172925657e-17,
          0.3604585831358068,
          0.0
        ],
        [
          0.0,
          0.0,
          0.0,
          0.0,
          0.0,
          0.0,
          0.0,
          0.0,
          0.0,
          0.0,
          0.0,
          0.0,
          0.0
        ],
        [
          0.06854860527392458,
          0.2803672730759078,
          0.21075353433206398,
          0.18638429938893997,
          0.16170711552178657,
          0.35004464736945184,
          0.0,
          0.0,
          0.0,
          0.18678490652990348,
          0.01939685971170094,
          0.9705980078136205,
          0.0
        ],
        [
          0.0,
          0.0,
          0.0,
          0.0,
          0.0,
          0.0,
          0.0,
          0.0,
          0.0,
          0.0,
          0.0,
          0.0,
          0.0
        ],
        [
          0.6625103900253267,
          0.1808545235865739,
          0.25357024936334455,
          0.4538074646080895,
          0.5026882302575789,
          0.06364036081256612,
          0.0,
          0.18678490652990348,
          0.0,
          0.0,
          0.39720204306153417,
          0.1873730719778702,
          0.0
        ],
        [
          0.5472894768841511,
          0.07725766080577397,
          0.0948114044809946,
          0.29245082969604497,
          0.390178492246224,
          7.576112172925657e-17,
          0.0,
          0.01939685971170094,
          0.0,
          0.39720204306153417,
          0.0,
          0.019504741527550103,
          0.0
        ],
        [
          0.06900355715784148,
          0.3098821320402556,
          0.22266424548930155,
          0.1847530226155229,
          0.1619045486450537,
          0.3604585831358068,
          0.0,
          0.9705980078136205,
          0.0,
          0.1873730719778702,
          0.019504741527550103,
          0.0,
          0.0
        ],
        [
          0.0,
          0.0,
          0.0,
          0.0,
          0.0,
          0.0,
          0.0,
          0.0,
          0.0,
          0.0,
          0.0,
          0.0,
          0.0
        ]
      ],
      "family_best": {
        "Ax0": [
          {
            "name": "Ax0_coarse",
            "norm": 0.09362317282173602,
            "max_overlap": 0.6625103900253267
          }
        ],
        "Ax1": [
          {
            "name": "Ax1_dissipation",
            "norm": 0.11863478239740888,
            "max_overlap": 0.5431013537669251
          }
        ],
        "Ax2": [
          {
            "name": "Ax2_boundary",
            "norm": 0.18954171994863034,
            "max_overlap": 0.5431013537669251
          }
        ],
        "Ax3": [
          {
            "name": "Ax3_gamma5_phase",
            "norm": 0.20338368621672398,
            "max_overlap": 0.3604585831358068
          },
          {
            "name": "Ax3_cp_mirror",
            "norm": 0.2012620172230184,
            "max_overlap": 0.5244253127494783
          },
          {
            "name": "Ax3_parity_exchange",
            "norm": 0.25150459967470873,
            "max_overlap": 0.6258279103743505
          }
        ],
        "Ax4": [
          {
            "name": "Ax4_composition_order",
            "norm": 3.957192659705477e-16,
            "max_overlap": 0.0
          },
          {
            "name": "Ax4_process_commutator",
            "norm": 1.8241118872710618e-17,
            "max_overlap": 0.0
          },
          {
            "name": "Ax4_path_direction",
            "norm": 0.1662897462656554,
            "max_overlap": 0.9705980078136205
          }
        ],
        "Ax5": [
          {
            "name": "Ax5_entropy_shape",
            "norm": 0.5382354550188911,
            "max_overlap": 0.5472894768841511
          },
          {
            "name": "Ax5_curvature_geodesic",
            "norm": 0.005029643017695784,
            "max_overlap": 0.6625103900253267
          }
        ],
        "Ax6": [
          {
            "name": "Ax6_left_right_channel",
            "norm": 0.0,
            "max_overlap": 0.0
          },
          {
            "name": "Ax6_action_side",
            "norm": 0.12542828383786148,
            "max_overlap": 0.9705980078136205
          }
        ]
      }
    }
  },
  "note": "Exploratory candidate sweep on normalized Weyl-Dirac mixed states; not canon."
}