{
  "schema": "AXIS_HOPF_GEOMETRY_v1",
  "timestamp": "2026-03-27T07:34:42.492037+00:00Z",
  "d": 2,
  "n_trials": 200,
  "configs": [
    "S\u00b3 random",
    "inner torus (\u03b7=\u03c0/8)",
    "Clifford torus (\u03b7=\u03c0/4)",
    "outer torus (\u03b7=3\u03c0/8)",
    "mixed (r=0.5)"
  ],
  "axes": [
    "Ax0:coarse",
    "Ax1:dissip",
    "Ax2:boundary",
    "Ax3:chirality",
    "Ax4:compose",
    "Ax6:action",
    "meas_basis",
    "fiber_phase",
    "torus_transport"
  ],
  "results": {
    "S\u00b3 random": {
      "overlap": [
        [
          0.0,
          0.01643312052610312,
          0.36038760335513087,
          0.20957279560029923,
          0.0,
          0.3110935414811779,
          0.47293630524936214,
          0.0,
          8.757146062685822e-17
        ],
        [
          0.01643312052610312,
          0.0,
          0.529235188517743,
          0.5774855229674476,
          0.0,
          0.6847544748292488,
          0.4532011820308868,
          0.0,
          0.4808693924761016
        ],
        [
          0.36038760335513087,
          0.529235188517743,
          0.0,
          0.5604258173389427,
          0.0,
          0.5470881431683654,
          0.42825630706294376,
          0.0,
          0.6365528465029915
        ],
        [
          0.20957279560029923,
          0.5774855229674476,
          0.5604258173389427,
          0.0,
          0.0,
          0.5119799108812589,
          0.5374483218713348,
          0.0,
          0.6811171855050796
        ],
        [
          0.0,
          0.0,
          0.0,
          0.0,
          0.0,
          0.0,
          0.0,
          0.0,
          0.0
        ],
        [
          0.3110935414811779,
          0.6847544748292488,
          0.5470881431683654,
          0.5119799108812589,
          0.0,
          0.0,
          0.4876714343039832,
          0.0,
          0.41771177882254173
        ],
        [
          0.47293630524936214,
          0.4532011820308868,
          0.42825630706294376,
          0.5374483218713348,
          0.0,
          0.4876714343039832,
          0.0,
          0.0,
          0.6357632017512147
        ],
        [
          0.0,
          0.0,
          0.0,
          0.0,
          0.0,
          0.0,
          0.0,
          0.0,
          0.0
        ],
        [
          8.757146062685822e-17,
          0.4808693924761016,
          0.6365528465029915,
          0.6811171855050796,
          0.0,
          0.41771177882254173,
          0.6357632017512147,
          0.0,
          0.0
        ]
      ],
      "norms": [
        0.3274362278039763,
        0.38879928926763896,
        0.5359546564337112,
        0.6178011936882485,
        7.253531459096268e-17,
        0.7938087881702108,
        0.5699818913059884,
        1.1350724305385458e-16,
        0.5507207011297441
      ]
    },
    "inner torus (\u03b7=\u03c0/8)": {
      "overlap": [
        [
          0.0,
          0.01958341405328368,
          0.4492517182443403,
          0.2020380245983723,
          0.0,
          0.44610890438842543,
          0.38740896500038424,
          0.0,
          0.7071067811865502
        ],
        [
          0.01958341405328368,
          0.0,
          0.5038431733963706,
          0.4508023031347104,
          0.0,
          0.722890171537348,
          0.27384345130349946,
          0.0,
          0.13810335410342353
        ],
        [
          0.4492517182443403,
          0.5038431733963706,
          0.0,
          0.5090151907553355,
          0.0,
          0.7185006195432293,
          0.5231209248702484,
          0.0,
          0.6534067650420249
        ],
        [
          0.2020380245983723,
          0.4508023031347104,
          0.5090151907553355,
          0.0,
          0.0,
          0.4368234970615422,
          0.5953267751933269,
          0.0,
          0.5254065660854657
        ],
        [
          0.0,
          0.0,
          0.0,
          0.0,
          0.0,
          0.0,
          0.0,
          0.0,
          0.0
        ],
        [
          0.44610890438842543,
          0.722890171537348,
          0.7185006195432293,
          0.4368234970615422,
          0.0,
          0.0,
          0.5900065306395873,
          0.0,
          0.6308932628815139
        ],
        [
          0.38740896500038424,
          0.27384345130349946,
          0.5231209248702484,
          0.5953267751933269,
          0.0,
          0.5900065306395873,
          0.0,
          0.0,
          0.8625776465469975
        ],
        [
          0.0,
          0.0,
          0.0,
          0.0,
          0.0,
          0.0,
          0.0,
          0.0,
          0.0
        ],
        [
          0.7071067811865502,
          0.13810335410342353,
          0.6534067650420249,
          0.5254065660854657,
          0.0,
          0.6308932628815139,
          0.8625776465469975,
          0.0,
          0.0
        ]
      ],
      "norms": [
        0.29999999999999893,
        0.28913272204696333,
        0.6126716201039019,
        0.6178011936882485,
        7.089879898832208e-17,
        0.7304691227161006,
        0.6099345031733149,
        1.1906320525725545e-16,
        0.5507207011297441
      ]
    },
    "Clifford torus (\u03b7=\u03c0/4)": {
      "overlap": [
        [
          0.0,
          0.017708463382985106,
          0.2757186278645196,
          0.20519305704521673,
          0.0,
          9.439869497541782e-17,
          0.6409581411110874,
          0.0,
          9.637210944048025e-17
        ],
        [
          0.017708463382985106,
          0.0,
          0.504452055608242,
          0.6400073872251313,
          0.0,
          0.789311581631129,
          0.5545492271645233,
          0.0,
          0.4691227404212509
        ],
        [
          0.2757186278645196,
          0.504452055608242,
          0.0,
          0.616239783045452,
          0.0,
          0.42783948182415793,
          0.1039751737448372,
          0.0,
          0.8041034426746491
        ],
        [
          0.20519305704521673,
          0.6400073872251313,
          0.616239783045452,
          0.0,
          0.0,
          0.6591226072822286,
          0.44883070294673794,
          0.0,
          0.6769150403415383
        ],
        [
          0.0,
          0.0,
          0.0,
          0.0,
          0.0,
          0.0,
          0.0,
          0.0,
          0.0
        ],
        [
          9.439869497541782e-17,
          0.789311581631129,
          0.42783948182415793,
          0.6591226072822286,
          0.0,
          0.0,
          0.5601576303929728,
          0.0,
          0.4596042236491041
        ],
        [
          0.6409581411110874,
          0.5545492271645233,
          0.1039751737448372,
          0.44883070294673794,
          0.0,
          0.5601576303929728,
          0.0,
          0.0,
          7.33327541616248e-16
        ],
        [
          0.0,
          0.0,
          0.0,
          0.0,
          0.0,
          0.0,
          0.0,
          0.0,
          0.0
        ],
        [
          9.637210944048025e-17,
          0.4691227404212509,
          0.8041034426746491,
          0.6769150403415383,
          0.0,
          0.4596042236491041,
          7.33327541616248e-16,
          0.0,
          0.0
        ]
      ],
      "norms": [
        0.4242640687119295,
        0.4521887686908552,
        0.46292078039791745,
        0.6178011936882485,
        6.615261014964379e-17,
        0.9019872272608471,
        0.45322584803637367,
        1.2852545722344286e-16,
        0.5507207011297441
      ]
    },
    "outer torus (\u03b7=3\u03c0/8)": {
      "overlap": [
        [
          0.0,
          0.012330227618190463,
          0.4168248542020889,
          0.2054157891324785,
          0.0,
          0.44246246426401387,
          0.38740896500038424,
          0.0,
          0.7071067811865501
        ],
        [
          0.012330227618190463,
          0.0,
          0.5280730140566522,
          0.6438944247087056,
          0.0,
          0.5276266826021919,
          0.6663938137223857,
          0.0,
          0.5663375640268241
        ],
        [
          0.4168248542020889,
          0.5280730140566522,
          0.0,
          0.5242925785604114,
          0.0,
          0.5512916889440879,
          0.4208904528076072,
          0.0,
          0.6317305904900712
        ],
        [
          0.2054157891324785,
          0.6438944247087056,
          0.5242925785604114,
          0.0,
          0.0,
          0.5147892402892165,
          0.5937728387330441,
          0.0,
          0.5266856993086781
        ],
        [
          0.0,
          0.0,
          0.0,
          0.0,
          0.0,
          0.0,
          0.0,
          0.0,
          0.0
        ],
        [
          0.44246246426401387,
          0.5276266826021919,
          0.5512916889440879,
          0.5147892402892165,
          0.0,
          0.0,
          0.5838364197367155,
          0.0,
          0.6257364178031894
        ],
        [
          0.38740896500038424,
          0.6663938137223857,
          0.4208904528076072,
          0.5937728387330441,
          0.0,
          0.5838364197367155,
          0.0,
          0.0,
          0.8625776465469976
        ],
        [
          0.0,
          0.0,
          0.0,
          0.0,
          0.0,
          0.0,
          0.0,
          0.0,
          0.0
        ],
        [
          0.7071067811865501,
          0.5663375640268241,
          0.6317305904900712,
          0.5266856993086781,
          0.0,
          0.6257364178031894,
          0.8625776465469976,
          0.0,
          0.0
        ]
      ],
      "norms": [
        0.29999999999999893,
        0.45921340526150334,
        0.5609901531315781,
        0.6178011936882485,
        8.135304114770618e-17,
        0.7375503589234083,
        0.609934503173315,
        1.1165211801313217e-16,
        0.5507207011297441
      ]
    },
    "mixed (r=0.5)": {
      "overlap": [
        [
          0.0,
          0.011330743887750587,
          0.3751734967349997,
          0.1466324419509235,
          0.0,
          0.33083059792574865,
          0.44675530126062246,
          0.0,
          7.685200944514853e-17
        ],
        [
          0.011330743887750587,
          0.0,
          0.5764043380022231,
          0.7128949853938517,
          0.0,
          0.5150104458654726,
          0.5974409874561379,
          0.0,
          0.8007799566816292
        ],
        [
          0.3751734967349997,
          0.5764043380022231,
          0.0,
          0.6206645617743434,
          0.0,
          0.5116189376629552,
          0.4442320997901826,
          0.0,
          0.6762570724846954
        ],
        [
          0.1466324419509235,
          0.7128949853938517,
          0.6206645617743434,
          0.0,
          0.0,
          0.4350502624567704,
          0.618108849799577,
          0.0,
          0.8491233221090405
        ],
        [
          0.0,
          0.0,
          0.0,
          0.0,
          0.0,
          0.0,
          0.0,
          0.0,
          0.0
        ],
        [
          0.33083059792574865,
          0.5150104458654726,
          0.5116189376629552,
          0.4350502624567704,
          0.0,
          0.0,
          0.4952351124748814,
          0.0,
          0.4056150711188313
        ],
        [
          0.44675530126062246,
          0.5974409874561379,
          0.4442320997901826,
          0.618108849799577,
          0.0,
          0.4952351124748814,
          0.0,
          0.0,
          0.6639468562931639
        ],
        [
          0.0,
          0.0,
          0.0,
          0.0,
          0.0,
          0.0,
          0.0,
          0.0,
          0.0
        ],
        [
          7.685200944514853e-17,
          0.8007799566816292,
          0.6762570724846954,
          0.8491233221090405,
          0.0,
          0.4056150711188313,
          0.6639468562931639,
          0.0,
          0.0
        ]
      ],
      "norms": [
        0.15942021605267234,
        0.2714748657718403,
        0.32108814251633083,
        0.4884147283064247,
        5.242010247451551e-17,
        0.39867650179758873,
        0.28802114999129824,
        1.1350724305385458e-16,
        0.5507207011297441
      ]
    }
  }
}