{
  "schema": "WEYL_DOF_ANALYSIS_v1",
  "timestamp": "2026-04-14T11:06:47.590018+00:00Z",
  "n_trials": 300,
  "dofs": [
    "L_phase",
    "R_phase",
    "rel_phase",
    "L_rot_z",
    "L_rot_x",
    "L_rot_y",
    "R_rot_z",
    "R_rot_x",
    "R_rot_y",
    "corr_rot",
    "opp_rot",
    "amp_transfer",
    "parity"
  ],
  "overlap_matrix": [
    [
      0.0,
      1.0,
      1.0,
      0.4323823992694992,
      0.38141326000879494,
      0.44451055822737356,
      0.4084448042715883,
      0.4363945572656054,
      0.41353886496283804,
      0.3528684844016395,
      0.33764932666916353,
      0.5020155442430912,
      0.20826303470544114
    ],
    [
      1.0,
      0.0,
      1.0,
      0.4323823992694992,
      0.38141326000879483,
      0.44451055822737356,
      0.40844480427158825,
      0.4363945572656054,
      0.41353886496283804,
      0.3528684844016395,
      0.33764932666916353,
      0.5020155442430912,
      0.20826303470544114
    ],
    [
      1.0,
      1.0,
      0.0,
      0.4323823992694992,
      0.381413260008795,
      0.44451055822737356,
      0.40844480427158825,
      0.43639455726560544,
      0.41353886496283804,
      0.3528684844016395,
      0.33764932666916353,
      0.5020155442430912,
      0.20826303470544114
    ],
    [
      0.4323823992694992,
      0.4323823992694992,
      0.4323823992694992,
      0.0,
      0.12322302340049385,
      0.14380171393990937,
      0.17793233727258473,
      0.1888728990252436,
      0.17718379346395896,
      0.5764041961198975,
      0.5773673521343479,
      0.36612527390770305,
      0.1510469828038791
    ],
    [
      0.38141326000879494,
      0.38141326000879483,
      0.381413260008795,
      0.12322302340049385,
      0.0,
      0.13007481193985898,
      0.15278207092486182,
      0.1728299044110573,
      0.15501104662735923,
      0.40624547378516973,
      0.3979111775499452,
      0.3761509746994754,
      0.1624438501612641
    ],
    [
      0.44451055822737356,
      0.44451055822737356,
      0.44451055822737356,
      0.14380171393990937,
      0.13007481193985898,
      0.0,
      0.18447466049632344,
      0.18817322435765943,
      0.18609018744058206,
      0.16165278974481487,
      0.1626517456780931,
      0.40782745763444006,
      0.16731113175953613
    ],
    [
      0.4084448042715883,
      0.40844480427158825,
      0.40844480427158825,
      0.17793233727258473,
      0.15278207092486182,
      0.18447466049632344,
      0.0,
      0.12599891981398542,
      0.1302945488273699,
      0.586025462970616,
      0.582910705312781,
      0.3629823124911122,
      0.14921424715423007
    ],
    [
      0.4363945572656054,
      0.4363945572656054,
      0.43639455726560544,
      0.1888728990252436,
      0.1728299044110573,
      0.18817322435765943,
      0.12599891981398542,
      0.0,
      0.14034446402582035,
      0.3956030012003536,
      0.3993636502935217,
      0.38014239792228804,
      0.16388742549966862
    ],
    [
      0.41353886496283804,
      0.41353886496283804,
      0.41353886496283804,
      0.17718379346395896,
      0.15501104662735923,
      0.18609018744058206,
      0.1302945488273699,
      0.14034446402582035,
      0.0,
      0.14769522837243493,
      0.14940788945101174,
      0.4011719280999604,
      0.1648663980177959
    ],
    [
      0.3528684844016395,
      0.3528684844016395,
      0.3528684844016395,
      0.5764041961198975,
      0.40624547378516973,
      0.16165278974481487,
      0.586025462970616,
      0.3956030012003536,
      0.14769522837243493,
      0.0,
      0.10002335510405887,
      6.909255842237448e-17,
      6.228752878442636e-17
    ],
    [
      0.33764932666916353,
      0.33764932666916353,
      0.33764932666916353,
      0.5773673521343479,
      0.3979111775499452,
      0.1626517456780931,
      0.582910705312781,
      0.3993636502935217,
      0.14940788945101174,
      0.10002335510405887,
      0.0,
      0.5248139290078426,
      0.2162928879438524
    ],
    [
      0.5020155442430912,
      0.5020155442430912,
      0.5020155442430912,
      0.36612527390770305,
      0.3761509746994754,
      0.40782745763444006,
      0.3629823124911122,
      0.38014239792228804,
      0.4011719280999604,
      6.909255842237448e-17,
      0.5248139290078426,
      0.0,
      0.2883794032766059
    ],
    [
      0.20826303470544114,
      0.20826303470544114,
      0.20826303470544114,
      0.1510469828038791,
      0.1624438501612641,
      0.16731113175953613,
      0.14921424715423007,
      0.16388742549966862,
      0.1648663980177959,
      6.228752878442636e-17,
      0.2162928879438524,
      0.2883794032766059,
      0.0
    ]
  ],
  "norms": [
    1.1014414022594847,
    1.1014414022594845,
    2.028989425602097,
    0.8849053997712136,
    0.8995145619177305,
    0.8822713245821061,
    0.8915793489008657,
    0.883695622500689,
    0.8913177655311536,
    1.6987482194232741,
    1.689079957335964,
    2.0967771828500217,
    2.430260771583907
  ],
  "n_independent": 8,
  "clusters": [
    [
      "L_phase",
      "R_phase",
      "rel_phase",
      "amp_transfer"
    ],
    [
      "L_rot_z",
      "corr_rot",
      "opp_rot"
    ],
    [
      "L_rot_x"
    ],
    [
      "L_rot_y"
    ],
    [
      "R_rot_z"
    ],
    [
      "R_rot_x"
    ],
    [
      "R_rot_y"
    ],
    [
      "parity"
    ]
  ]
}