{
  "schema": "WIGGLE_EXPLORATION_CLEAN_v1",
  "timestamp": "2026-04-14T11:16:16.395681+00:00Z",
  "n_trials": 200,
  "r_values": [
    1.0,
    0.7,
    0.5,
    0.3
  ],
  "dead_threshold": 0.01,
  "results": {
    "r=1.0": {
      "candidates": [
        "ax0_A",
        "ax0_C",
        "ax1_A",
        "ax1_B",
        "ax2_A",
        "ax2_C",
        "ax3_B",
        "ax3_C",
        "ax3_D",
        "ax4_B",
        "ax5_A",
        "ax5_B",
        "ax6_A",
        "ax6_B",
        "ax6_D"
      ],
      "axes": [
        "ax0",
        "ax0",
        "ax1",
        "ax1",
        "ax2",
        "ax2",
        "ax3",
        "ax3",
        "ax3",
        "ax4",
        "ax5",
        "ax5",
        "ax6",
        "ax6",
        "ax6"
      ],
      "overlap": [
        [
          0.0,
          0.0,
          0.09449154148628622,
          0.19142194789416553,
          0.15613971827834197,
          0.8677610571860852,
          0.666998629354813,
          0.48805858287117815,
          3.3366801210563614e-17,
          0.04672758783140263,
          0.6769089968077027,
          0.06838714079934516,
          0.04901352976530757,
          2.741150768062179e-17,
          0.05099449273575545
        ],
        [
          0.0,
          0.0,
          0.0,
          0.0,
          0.0,
          0.0,
          0.0,
          0.0,
          0.0,
          0.0,
          0.0,
          0.0,
          0.0,
          0.0,
          0.0
        ],
        [
          0.09449154148628622,
          0.0,
          0.0,
          0.9057965675797763,
          0.22015078610876762,
          0.10993555673614308,
          0.19577181438794206,
          0.26221642462349154,
          0.3778210496573302,
          0.5920734071933903,
          0.18412589363441498,
          0.3838166422776498,
          0.6211218718237287,
          0.6253225372432633,
          0.21765975424317804
        ],
        [
          0.19142194789416553,
          0.0,
          0.9057965675797763,
          0.0,
          0.14194921484315892,
          0.16628772595157348,
          0.216397382412865,
          0.26743580434200603,
          0.3980715361222733,
          0.6218267767081253,
          0.2831977565608123,
          0.40340572953212517,
          0.6491466640026106,
          0.6559426998367467,
          0.15922251665951154
        ],
        [
          0.15613971827834197,
          0.0,
          0.22015078610876762,
          0.14194921484315892,
          0.0,
          0.13818431871025397,
          0.2010807535126487,
          0.2599286679957443,
          0.36577540922469326,
          0.2319814139911948,
          0.1408733136801705,
          0.35195594118798945,
          0.30387800050266156,
          0.1508095720195687,
          0.5989172241699197
        ],
        [
          0.8677610571860852,
          0.0,
          0.10993555673614308,
          0.16628772595157348,
          0.13818431871025397,
          0.0,
          0.5656343717209947,
          0.33423266091808806,
          3.83026943495679e-17,
          7.031929309615845e-17,
          0.5442524006030542,
          0.07227718192097984,
          3.511515624307859e-17,
          8.965193728030087e-18,
          1.3219530947184962e-09
        ],
        [
          0.666998629354813,
          0.0,
          0.19577181438794206,
          0.216397382412865,
          0.2010807535126487,
          0.5656343717209947,
          0.0,
          0.4481877527394424,
          0.20083970479805002,
          0.21097740476550045,
          0.5248408626810904,
          0.17916151880976453,
          0.2068622321115134,
          2.887010364328706e-17,
          0.16580091620870202
        ],
        [
          0.48805858287117815,
          0.0,
          0.26221642462349154,
          0.26743580434200603,
          0.2599286679957443,
          0.33423266091808806,
          0.4481877527394424,
          0.0,
          2.3857302911684655e-17,
          0.22884498177644866,
          0.4846589069678086,
          0.12912249671903178,
          0.22929595149577855,
          0.35308851630390153,
          0.2635637382329335
        ],
        [
          3.3366801210563614e-17,
          0.0,
          0.3778210496573302,
          0.3980715361222733,
          0.36577540922469326,
          3.83026943495679e-17,
          0.20083970479805002,
          2.3857302911684655e-17,
          0.0,
          0.3896051367769672,
          0.07727677629889458,
          0.8186524141323689,
          0.40109532399122116,
          0.3458238007485165,
          0.3344287234307734
        ],
        [
          0.04672758783140263,
          0.0,
          0.5920734071933903,
          0.6218267767081253,
          0.2319814139911948,
          7.031929309615845e-17,
          0.21097740476550045,
          0.22884498177644866,
          0.3896051367769672,
          0.0,
          0.18834827114064465,
          0.344729182473959,
          0.9707657123632649,
          0.19234989050689513,
          0.20188897684744275
        ],
        [
          0.6769089968077027,
          0.0,
          0.18412589363441498,
          0.2831977565608123,
          0.1408733136801705,
          0.5442524006030542,
          0.5248408626810904,
          0.4846589069678086,
          0.07727677629889458,
          0.18834827114064465,
          0.0,
          0.13293656578013702,
          0.18671190431254803,
          0.12698511695512057,
          0.13037790550352682
        ],
        [
          0.06838714079934516,
          0.0,
          0.3838166422776498,
          0.40340572953212517,
          0.35195594118798945,
          0.07227718192097984,
          0.17916151880976453,
          0.12912249671903178,
          0.8186524141323689,
          0.344729182473959,
          0.13293656578013702,
          0.0,
          0.33021254283858475,
          0.39532823954531254,
          0.31978912990682207
        ],
        [
          0.04901352976530757,
          0.0,
          0.6211218718237287,
          0.6491466640026106,
          0.30387800050266156,
          3.511515624307859e-17,
          0.2068622321115134,
          0.22929595149577855,
          0.40109532399122116,
          0.9707657123632649,
          0.18671190431254803,
          0.33021254283858475,
          0.0,
          0.22437323783689211,
          0.20310704431338322
        ],
        [
          2.741150768062179e-17,
          0.0,
          0.6253225372432633,
          0.6559426998367467,
          0.1508095720195687,
          8.965193728030087e-18,
          2.887010364328706e-17,
          0.35308851630390153,
          0.3458238007485165,
          0.19234989050689513,
          0.12698511695512057,
          0.39532823954531254,
          0.22437323783689211,
          0.0,
          0.48417285639359664
        ],
        [
          0.05099449273575545,
          0.0,
          0.21765975424317804,
          0.15922251665951154,
          0.5989172241699197,
          1.3219530947184962e-09,
          0.16580091620870202,
          0.2635637382329335,
          0.3344287234307734,
          0.20188897684744275,
          0.13037790550352682,
          0.31978912990682207,
          0.20310704431338322,
          0.48417285639359664,
          0.0
        ]
      ],
      "norms": [
        0.8161390007988717,
        3.840830065098426e-16,
        0.2947726298589486,
        0.28426290377367475,
        0.49310642698431423,
        0.7071067811865502,
        1.2143154396743494,
        0.9453527241168151,
        1.4142135623731005,
        0.8558612796970383,
        0.025721556396712964,
        0.8757808312226747,
        0.6430444881132774,
        1.2723812600517193,
        0.38300007233287436
      ],
      "intra_axis": {
        "ax0": {
          "live_candidates": [
            "ax0_A"
          ],
          "dead_candidates": [
            "ax0_C"
          ],
          "pair_count": 0,
          "min_overlap": null,
          "max_overlap": null,
          "avg_overlap": null
        },
        "ax1": {
          "live_candidates": [
            "ax1_A",
            "ax1_B"
          ],
          "dead_candidates": [],
          "pair_count": 1,
          "min_overlap": 0.9057965675797763,
          "max_overlap": 0.9057965675797763,
          "avg_overlap": 0.9057965675797763
        },
        "ax2": {
          "live_candidates": [
            "ax2_A",
            "ax2_C"
          ],
          "dead_candidates": [],
          "pair_count": 1,
          "min_overlap": 0.13818431871025397,
          "max_overlap": 0.13818431871025397,
          "avg_overlap": 0.13818431871025397
        },
        "ax3": {
          "live_candidates": [
            "ax3_B",
            "ax3_C",
            "ax3_D"
          ],
          "dead_candidates": [],
          "pair_count": 3,
          "min_overlap": 2.3857302911684655e-17,
          "max_overlap": 0.4481877527394424,
          "avg_overlap": 0.2163424858458308
        },
        "ax4": {
          "live_candidates": [
            "ax4_B"
          ],
          "dead_candidates": [],
          "pair_count": 0,
          "min_overlap": null,
          "max_overlap": null,
          "avg_overlap": null
        },
        "ax5": {
          "live_candidates": [
            "ax5_A",
            "ax5_B"
          ],
          "dead_candidates": [],
          "pair_count": 1,
          "min_overlap": 0.13293656578013702,
          "max_overlap": 0.13293656578013702,
          "avg_overlap": 0.13293656578013702
        },
        "ax6": {
          "live_candidates": [
            "ax6_A",
            "ax6_B",
            "ax6_D"
          ],
          "dead_candidates": [],
          "pair_count": 3,
          "min_overlap": 0.20310704431338322,
          "max_overlap": 0.48417285639359664,
          "avg_overlap": 0.303884379514624
        }
      }
    },
    "r=0.7": {
      "candidates": [
        "ax0_A",
        "ax0_C",
        "ax1_A",
        "ax1_B",
        "ax2_A",
        "ax2_C",
        "ax3_B",
        "ax3_C",
        "ax3_D",
        "ax4_B",
        "ax5_A",
        "ax5_B",
        "ax6_A",
        "ax6_B",
        "ax6_D"
      ],
      "axes": [
        "ax0",
        "ax0",
        "ax1",
        "ax1",
        "ax2",
        "ax2",
        "ax3",
        "ax3",
        "ax3",
        "ax4",
        "ax5",
        "ax5",
        "ax6",
        "ax6",
        "ax6"
      ],
      "overlap": [
        [
          0.0,
          0.9401990233808816,
          0.09609509543396863,
          0.19357447945883602,
          0.1373750161956928,
          0.8699044540044593,
          0.649704600411918,
          0.48964782184990546,
          3.093389782877435e-17,
          0.04622683718970157,
          0.6754169412902953,
          0.07187085228918728,
          0.04713626320811122,
          2.7442969945477306e-17,
          0.04850937277040772
        ],
        [
          0.9401990233808816,
          0.0,
          0.18390370762443267,
          0.22063977241481347,
          0.1714084943120828,
          0.8164965809277223,
          0.685339890922917,
          0.547121388319677,
          2.4568682247663077e-16,
          3.857547280389594e-16,
          0.7346416278681719,
          0.09990075241897063,
          3.9686096534766833e-16,
          2.185053903246408e-16,
          2.454985544155015e-16
        ],
        [
          0.09609509543396863,
          0.18390370762443267,
          0.0,
          0.8612326691194108,
          0.24312986206607445,
          0.11135838133611248,
          0.223299055100696,
          0.27860590084740117,
          0.3581608157219071,
          0.5558623428570465,
          0.17470597348886635,
          0.34215811651988,
          0.5856919561461901,
          0.5796872673074378,
          0.23888806029843931
        ],
        [
          0.19357447945883602,
          0.22063977241481347,
          0.8612326691194108,
          0.0,
          0.13067589188768497,
          0.16804143872099309,
          0.22254564166528837,
          0.26053505186431575,
          0.40469414369298845,
          0.6114092381278902,
          0.2756942430860627,
          0.37980102516885034,
          0.6417021649050298,
          0.6505552857578728,
          0.16359657338817782
        ],
        [
          0.1373750161956928,
          0.1714084943120828,
          0.24312986206607445,
          0.13067589188768497,
          0.0,
          0.1280846194731245,
          0.19330325913319432,
          0.23530698378054438,
          0.34422118730797324,
          0.24334666284509598,
          0.16028829613916173,
          0.3483802797657251,
          0.30654763676019536,
          0.1334950083127322,
          0.5499422560613274
        ],
        [
          0.8699044540044593,
          0.8164965809277223,
          0.11135838133611248,
          0.16804143872099309,
          0.1280846194731245,
          0.0,
          0.5667617687117004,
          0.3350420571865852,
          3.5402519917894e-17,
          6.747295684496274e-17,
          0.5345526342157897,
          0.07137254493442208,
          3.8245585494416106e-17,
          9.528488735800145e-18,
          1.1702442137692012e-16
        ],
        [
          0.649704600411918,
          0.685339890922917,
          0.223299055100696,
          0.22254564166528837,
          0.19330325913319432,
          0.5667617687117004,
          0.0,
          0.4490427065003969,
          0.2388614222175678,
          0.2202660356487273,
          0.5091359675838717,
          0.2028202858634488,
          0.21692971925871465,
          2.9704536289304974e-17,
          0.17528577227253095
        ],
        [
          0.48964782184990546,
          0.547121388319677,
          0.27860590084740117,
          0.26053505186431575,
          0.23530698378054438,
          0.3350420571865852,
          0.4490427065003969,
          0.0,
          2.443167853148338e-17,
          0.23991576237807113,
          0.5046892366374173,
          0.12697232616668394,
          0.23645896830819887,
          0.36578274495536633,
          0.2573514795982174
        ],
        [
          3.093389782877435e-17,
          2.4568682247663077e-16,
          0.3581608157219071,
          0.40469414369298845,
          0.34422118730797324,
          3.5402519917894e-17,
          0.2388614222175678,
          2.443167853148338e-17,
          0.0,
          0.37849484890280144,
          0.07126243097894389,
          0.7739919772037166,
          0.3889326099962262,
          0.34524781784302455,
          0.33694927501950744
        ],
        [
          0.04622683718970157,
          3.857547280389594e-16,
          0.5558623428570465,
          0.6114092381278902,
          0.24334666284509598,
          6.747295684496274e-17,
          0.2202660356487273,
          0.23991576237807113,
          0.37849484890280144,
          0.0,
          0.1898278415142416,
          0.33078899317759486,
          0.9717318087144126,
          0.18386907951038228,
          0.21210811065273208
        ],
        [
          0.6754169412902953,
          0.7346416278681719,
          0.17470597348886635,
          0.2756942430860627,
          0.16028829613916173,
          0.5345526342157897,
          0.5091359675838717,
          0.5046892366374173,
          0.07126243097894389,
          0.1898278415142416,
          0.0,
          0.13148935007368837,
          0.187746166369514,
          0.12055828672183097,
          0.11989658868431524
        ],
        [
          0.07187085228918728,
          0.09990075241897063,
          0.34215811651988,
          0.37980102516885034,
          0.3483802797657251,
          0.07137254493442208,
          0.2028202858634488,
          0.12697232616668394,
          0.7739919772037166,
          0.33078899317759486,
          0.13148935007368837,
          0.0,
          0.31036942897068576,
          0.3442605700936656,
          0.30577614140382287
        ],
        [
          0.04713626320811122,
          3.9686096534766833e-16,
          0.5856919561461901,
          0.6417021649050298,
          0.30654763676019536,
          3.8245585494416106e-17,
          0.21692971925871465,
          0.23645896830819887,
          0.3889326099962262,
          0.9717318087144126,
          0.187746166369514,
          0.31036942897068576,
          0.0,
          0.2114129240387143,
          0.20597479503679034
        ],
        [
          2.7442969945477306e-17,
          2.185053903246408e-16,
          0.5796872673074378,
          0.6505552857578728,
          0.1334950083127322,
          9.528488735800145e-18,
          2.9704536289304974e-17,
          0.36578274495536633,
          0.34524781784302455,
          0.18386907951038228,
          0.12055828672183097,
          0.3442605700936656,
          0.2114129240387143,
          0.0,
          0.49304206582279675
        ],
        [
          0.04850937277040772,
          2.454985544155015e-16,
          0.23888806029843931,
          0.16359657338817782,
          0.5499422560613274,
          1.1702442137692012e-16,
          0.17528577227253095,
          0.2573514795982174,
          0.33694927501950744,
          0.21210811065273208,
          0.11989658868431524,
          0.30577614140382287,
          0.20597479503679034,
          0.49304206582279675,
          0.0
        ]
      ],
      "norms": [
        0.5699653672028131,
        0.25980762113533074,
        0.22124368505150854,
        0.20158506160745127,
        0.3593792930609411,
        0.4949747468305823,
        0.8309304580725428,
        0.6633494297341116,
        0.9899494936611646,
        0.6055266151351322,
        0.01811592384683557,
        0.6225279977707937,
        0.4552791688914099,
        0.8854527986885286,
        0.23014393461929983
      ],
      "intra_axis": {
        "ax0": {
          "live_candidates": [
            "ax0_A",
            "ax0_C"
          ],
          "dead_candidates": [],
          "pair_count": 1,
          "min_overlap": 0.9401990233808816,
          "max_overlap": 0.9401990233808816,
          "avg_overlap": 0.9401990233808816
        },
        "ax1": {
          "live_candidates": [
            "ax1_A",
            "ax1_B"
          ],
          "dead_candidates": [],
          "pair_count": 1,
          "min_overlap": 0.8612326691194108,
          "max_overlap": 0.8612326691194108,
          "avg_overlap": 0.8612326691194108
        },
        "ax2": {
          "live_candidates": [
            "ax2_A",
            "ax2_C"
          ],
          "dead_candidates": [],
          "pair_count": 1,
          "min_overlap": 0.1280846194731245,
          "max_overlap": 0.1280846194731245,
          "avg_overlap": 0.1280846194731245
        },
        "ax3": {
          "live_candidates": [
            "ax3_B",
            "ax3_C",
            "ax3_D"
          ],
          "dead_candidates": [],
          "pair_count": 3,
          "min_overlap": 2.443167853148338e-17,
          "max_overlap": 0.4490427065003969,
          "avg_overlap": 0.22930137623932156
        },
        "ax4": {
          "live_candidates": [
            "ax4_B"
          ],
          "dead_candidates": [],
          "pair_count": 0,
          "min_overlap": null,
          "max_overlap": null,
          "avg_overlap": null
        },
        "ax5": {
          "live_candidates": [
            "ax5_A",
            "ax5_B"
          ],
          "dead_candidates": [],
          "pair_count": 1,
          "min_overlap": 0.13148935007368837,
          "max_overlap": 0.13148935007368837,
          "avg_overlap": 0.13148935007368837
        },
        "ax6": {
          "live_candidates": [
            "ax6_A",
            "ax6_B",
            "ax6_D"
          ],
          "dead_candidates": [],
          "pair_count": 3,
          "min_overlap": 0.20597479503679034,
          "max_overlap": 0.49304206582279675,
          "avg_overlap": 0.30347659496610047
        }
      }
    },
    "r=0.5": {
      "candidates": [
        "ax0_A",
        "ax0_C",
        "ax1_A",
        "ax1_B",
        "ax2_A",
        "ax2_C",
        "ax3_B",
        "ax3_C",
        "ax3_D",
        "ax4_B",
        "ax5_A",
        "ax5_B",
        "ax6_A",
        "ax6_B",
        "ax6_D"
      ],
      "axes": [
        "ax0",
        "ax0",
        "ax1",
        "ax1",
        "ax2",
        "ax2",
        "ax3",
        "ax3",
        "ax3",
        "ax4",
        "ax5",
        "ax5",
        "ax6",
        "ax6",
        "ax6"
      ],
      "overlap": [
        [
          0.0,
          0.943581967410394,
          0.08053528875852083,
          0.1854000748489427,
          0.12217828940355696,
          0.8665922421485083,
          0.657172578428693,
          0.4824352932525812,
          2.8549385807591424e-17,
          0.04386077411162149,
          0.6560823044309447,
          0.056867597642305465,
          0.046710434116880924,
          2.7982108527419546e-17,
          0.05251201443810156
        ],
        [
          0.943581967410394,
          0.0,
          0.1878679846667446,
          0.20925909228271877,
          0.19304280988640174,
          0.816496580927722,
          0.6961355556663823,
          0.5453279978845886,
          1.889741352015531e-16,
          2.60638537732421e-16,
          0.7107714202728838,
          0.09820990538196687,
          2.6341295415302015e-16,
          1.431166659173509e-16,
          1.1099591146675532e-16
        ],
        [
          0.08053528875852083,
          0.1878679846667446,
          0.0,
          0.8087782226077327,
          0.28505707345931613,
          0.09404294142764316,
          0.23289551366721706,
          0.2895896295983407,
          0.3176861428247751,
          0.5072089594244312,
          0.18042183749548374,
          0.30711190201112726,
          0.5382654837951399,
          0.5409596419899532,
          0.2516581804465591
        ],
        [
          0.1854000748489427,
          0.20925909228271877,
          0.8087782226077327,
          0.0,
          0.12145997649857129,
          0.15809552014357212,
          0.22076451299883687,
          0.25454709933306013,
          0.3810570706985547,
          0.6000180778669084,
          0.26596329733952007,
          0.3633974602896265,
          0.6301758113376813,
          0.6529527691749418,
          0.15670381710333894
        ],
        [
          0.12217828940355696,
          0.19304280988640174,
          0.28505707345931613,
          0.12145997649857129,
          0.0,
          0.12094124316891829,
          0.17356816045177095,
          0.214001354265137,
          0.31087490609475926,
          0.22504880333560237,
          0.19929297154116932,
          0.3433426054603187,
          0.2816006753755866,
          0.1081911768311242,
          0.505329724637965
        ],
        [
          0.8665922421485083,
          0.816496580927722,
          0.09404294142764316,
          0.15809552014357212,
          0.12094124316891829,
          0.0,
          0.5667900582522061,
          0.33394383431769653,
          3.3029134982598406e-17,
          6.718855240928099e-17,
          0.520243280794672,
          0.060141038968208625,
          3.684350625354824e-17,
          1.0303993117874894e-17,
          1.6670026578732058e-16
        ],
        [
          0.657172578428693,
          0.6961355556663823,
          0.23289551366721706,
          0.22076451299883687,
          0.17356816045177095,
          0.5667900582522061,
          0.0,
          0.4599207412791333,
          0.21502541162764063,
          0.21317858649168997,
          0.5039951450703634,
          0.1667726423373115,
          0.21280420592495936,
          2.527385090915653e-17,
          0.1671381364873459
        ],
        [
          0.4824352932525812,
          0.5453279978845886,
          0.2895896295983407,
          0.25454709933306013,
          0.214001354265137,
          0.33394383431769653,
          0.4599207412791333,
          0.0,
          2.21587451345243e-17,
          0.2186558126458332,
          0.49050625841399004,
          0.11547256563838325,
          0.22014339326985957,
          0.35184965634233095,
          0.25716284989649113
        ],
        [
          2.8549385807591424e-17,
          1.889741352015531e-16,
          0.3176861428247751,
          0.3810570706985547,
          0.31087490609475926,
          3.3029134982598406e-17,
          0.21502541162764063,
          2.21587451345243e-17,
          0.0,
          0.38878064704943127,
          0.07112516667452908,
          0.7113320000609507,
          0.39980899043980633,
          0.35886957471747716,
          0.3592830517985376
        ],
        [
          0.04386077411162149,
          2.60638537732421e-16,
          0.5072089594244312,
          0.6000180778669084,
          0.22504880333560237,
          6.718855240928099e-17,
          0.21317858649168997,
          0.2186558126458332,
          0.38878064704943127,
          0.0,
          0.18729365625844874,
          0.3099388599499246,
          0.9694233810193181,
          0.19510582468197785,
          0.22489398672129648
        ],
        [
          0.6560823044309447,
          0.7107714202728838,
          0.18042183749548374,
          0.26596329733952007,
          0.19929297154116932,
          0.520243280794672,
          0.5039951450703634,
          0.49050625841399004,
          0.07112516667452908,
          0.18729365625844874,
          0.0,
          0.1300732633194621,
          0.18787088343395988,
          0.1418574941934749,
          0.1411406699182984
        ],
        [
          0.056867597642305465,
          0.09820990538196687,
          0.30711190201112726,
          0.3633974602896265,
          0.3433426054603187,
          0.060141038968208625,
          0.1667726423373115,
          0.11547256563838325,
          0.7113320000609507,
          0.3099388599499246,
          0.1300732633194621,
          0.0,
          0.28563272270856865,
          0.34279169707514995,
          0.29515447709305653
        ],
        [
          0.046710434116880924,
          2.6341295415302015e-16,
          0.5382654837951399,
          0.6301758113376813,
          0.2816006753755866,
          3.684350625354824e-17,
          0.21280420592495936,
          0.22014339326985957,
          0.39980899043980633,
          0.9694233810193181,
          0.18787088343395988,
          0.28563272270856865,
          0.0,
          0.2224510877587706,
          0.21993806686455117
        ],
        [
          2.7982108527419546e-17,
          1.431166659173509e-16,
          0.5409596419899532,
          0.6529527691749418,
          0.1081911768311242,
          1.0303993117874894e-17,
          2.527385090915653e-17,
          0.35184965634233095,
          0.35886957471747716,
          0.19510582468197785,
          0.1418574941934749,
          0.34279169707514995,
          0.2224510877587706,
          0.0,
          0.49774205786129255
        ],
        [
          0.05251201443810156,
          1.1099591146675532e-16,
          0.2516581804465591,
          0.15670381710333894,
          0.505329724637965,
          1.6670026578732058e-16,
          0.1671381364873459,
          0.25716284989649113,
          0.3592830517985376,
          0.22489398672129648,
          0.1411406699182984,
          0.29515447709305653,
          0.21993806686455117,
          0.49774205786129255,
          0.0
        ]
      ],
      "norms": [
        0.40858297716515096,
        0.43301270189221985,
        0.1729856609862172,
        0.14570130971256037,
        0.2850547493654201,
        0.35355339059327506,
        0.6028710756846835,
        0.47226789956295995,
        0.7071067811865501,
        0.42050111911404064,
        0.012519496808975641,
        0.4953530754115951,
        0.31695535483064097,
        0.642498476292728,
        0.16872967807178835
      ],
      "intra_axis": {
        "ax0": {
          "live_candidates": [
            "ax0_A",
            "ax0_C"
          ],
          "dead_candidates": [],
          "pair_count": 1,
          "min_overlap": 0.943581967410394,
          "max_overlap": 0.943581967410394,
          "avg_overlap": 0.943581967410394
        },
        "ax1": {
          "live_candidates": [
            "ax1_A",
            "ax1_B"
          ],
          "dead_candidates": [],
          "pair_count": 1,
          "min_overlap": 0.8087782226077327,
          "max_overlap": 0.8087782226077327,
          "avg_overlap": 0.8087782226077327
        },
        "ax2": {
          "live_candidates": [
            "ax2_A",
            "ax2_C"
          ],
          "dead_candidates": [],
          "pair_count": 1,
          "min_overlap": 0.12094124316891829,
          "max_overlap": 0.12094124316891829,
          "avg_overlap": 0.12094124316891829
        },
        "ax3": {
          "live_candidates": [
            "ax3_B",
            "ax3_C",
            "ax3_D"
          ],
          "dead_candidates": [],
          "pair_count": 3,
          "min_overlap": 2.21587451345243e-17,
          "max_overlap": 0.4599207412791333,
          "avg_overlap": 0.22498205096892465
        },
        "ax4": {
          "live_candidates": [
            "ax4_B"
          ],
          "dead_candidates": [],
          "pair_count": 0,
          "min_overlap": null,
          "max_overlap": null,
          "avg_overlap": null
        },
        "ax5": {
          "live_candidates": [
            "ax5_A",
            "ax5_B"
          ],
          "dead_candidates": [],
          "pair_count": 1,
          "min_overlap": 0.1300732633194621,
          "max_overlap": 0.1300732633194621,
          "avg_overlap": 0.1300732633194621
        },
        "ax6": {
          "live_candidates": [
            "ax6_A",
            "ax6_B",
            "ax6_D"
          ],
          "dead_candidates": [],
          "pair_count": 3,
          "min_overlap": 0.21993806686455117,
          "max_overlap": 0.49774205786129255,
          "avg_overlap": 0.31337707082820476
        }
      }
    },
    "r=0.3": {
      "candidates": [
        "ax0_A",
        "ax0_C",
        "ax1_A",
        "ax1_B",
        "ax2_A",
        "ax2_C",
        "ax3_B",
        "ax3_C",
        "ax3_D",
        "ax4_B",
        "ax5_A",
        "ax5_B",
        "ax6_A",
        "ax6_B",
        "ax6_D"
      ],
      "axes": [
        "ax0",
        "ax0",
        "ax1",
        "ax1",
        "ax2",
        "ax2",
        "ax3",
        "ax3",
        "ax3",
        "ax4",
        "ax5",
        "ax5",
        "ax6",
        "ax6",
        "ax6"
      ],
      "overlap": [
        [
          0.0,
          0.9434294184827988,
          0.060130114046190244,
          0.18266714173018955,
          0.11863621195681326,
          0.866915708616346,
          0.6508418622044734,
          0.47598931163884683,
          3.634106207455142e-17,
          0.04338192586263949,
          0.6769021747347934,
          0.05164816312610694,
          0.04585812159330525,
          2.98334879059601e-17,
          0.050204552531773
        ],
        [
          0.9434294184827988,
          0.0,
          0.20439642029792615,
          0.20120956135156193,
          0.2503322634794188,
          0.816496580927722,
          0.6783406234013141,
          0.5268238679048473,
          1.9361835697844533e-16,
          2.403292610029964e-16,
          0.7331116724729043,
          0.11406078889069873,
          2.3793670440826427e-16,
          1.3596835958099835e-16,
          1.478539775430123e-16
        ],
        [
          0.060130114046190244,
          0.20439642029792615,
          0.0,
          0.6883170687719378,
          0.4266670131309439,
          0.07039637984707996,
          0.22316093930309722,
          0.26685406110889687,
          0.23286550924476715,
          0.41431540242181536,
          0.17159097906737203,
          0.26692987826736614,
          0.4453920541829545,
          0.4137603929485735,
          0.2696003141471449
        ],
        [
          0.18266714173018955,
          0.20120956135156193,
          0.6883170687719378,
          0.0,
          0.17392875943934144,
          0.15745992276837603,
          0.2217554046791262,
          0.24852579359449475,
          0.35173833769213353,
          0.6006779506734994,
          0.2612683757680728,
          0.37258166072144905,
          0.6290761950774983,
          0.6174808480320141,
          0.1580304497640343
        ],
        [
          0.11863621195681326,
          0.2503322634794188,
          0.4266670131309439,
          0.17392875943934144,
          0.0,
          0.11797151710214733,
          0.14559654885048665,
          0.17298671803010707,
          0.24402089300377805,
          0.20045897216800998,
          0.23160827266581033,
          0.33454687779686987,
          0.23540138902464,
          0.09147469891148358,
          0.39063396202524375
        ],
        [
          0.866915708616346,
          0.816496580927722,
          0.07039637984707996,
          0.15745992276837603,
          0.11797151710214733,
          0.0,
          0.5588565953719953,
          0.3226124151715706,
          4.2018857529215956e-17,
          6.66754177475045e-17,
          0.5416457499279772,
          0.05238576233278571,
          3.99347662738103e-17,
          1.1321118483896201e-17,
          2.3664272809671425e-16
        ],
        [
          0.6508418622044734,
          0.6783406234013141,
          0.22316093930309722,
          0.2217554046791262,
          0.14559654885048665,
          0.5588565953719953,
          0.0,
          0.4213395379174693,
          0.2275115593475923,
          0.23891157936329435,
          0.5012344132521109,
          0.14034628354005688,
          0.23657947265534202,
          2.6730244874513995e-17,
          0.18887078475651986
        ],
        [
          0.47598931163884683,
          0.5268238679048473,
          0.26685406110889687,
          0.24852579359449475,
          0.17298671803010707,
          0.3226124151715706,
          0.4213395379174693,
          0.0,
          2.347441943465027e-17,
          0.22289846900670424,
          0.47705356587147013,
          0.09717168804089779,
          0.22093170365298406,
          0.37966490068077663,
          0.2669852803556286
        ],
        [
          3.634106207455142e-17,
          1.9361835697844533e-16,
          0.23286550924476715,
          0.35173833769213353,
          0.24402089300377805,
          4.2018857529215956e-17,
          0.2275115593475923,
          2.347441943465027e-17,
          0.0,
          0.38236387169936137,
          0.07416520796661645,
          0.5623284244211052,
          0.39595987172876185,
          0.3195630092075352,
          0.3752009624055429
        ],
        [
          0.04338192586263949,
          2.403292610029964e-16,
          0.41431540242181536,
          0.6006779506734994,
          0.20045897216800998,
          6.66754177475045e-17,
          0.23891157936329435,
          0.22289846900670424,
          0.38236387169936137,
          0.0,
          0.18040832682217878,
          0.2526546716562392,
          0.9721245936351909,
          0.19348126814595465,
          0.22339144885461226
        ],
        [
          0.6769021747347934,
          0.7331116724729043,
          0.17159097906737203,
          0.2612683757680728,
          0.23160827266581033,
          0.5416457499279772,
          0.5012344132521109,
          0.47705356587147013,
          0.07416520796661645,
          0.18040832682217878,
          0.0,
          0.1300850461587914,
          0.18168874355438167,
          0.12420700576873216,
          0.11964055149211829
        ],
        [
          0.05164816312610694,
          0.11406078889069873,
          0.26692987826736614,
          0.37258166072144905,
          0.33454687779686987,
          0.05238576233278571,
          0.14034628354005688,
          0.09717168804089779,
          0.5623284244211052,
          0.2526546716562392,
          0.1300850461587914,
          0.0,
          0.22795024984017384,
          0.2441597373160882,
          0.255396941067584
        ],
        [
          0.04585812159330525,
          2.3793670440826427e-16,
          0.4453920541829545,
          0.6290761950774983,
          0.23540138902464,
          3.99347662738103e-17,
          0.23657947265534202,
          0.22093170365298406,
          0.39595987172876185,
          0.9721245936351909,
          0.18168874355438167,
          0.22795024984017384,
          0.0,
          0.2251514383058019,
          0.21724864757252926
        ],
        [
          2.98334879059601e-17,
          1.3596835958099835e-16,
          0.4137603929485735,
          0.6174808480320141,
          0.09147469891148358,
          1.1321118483896201e-17,
          2.6730244874513995e-17,
          0.37966490068077663,
          0.3195630092075352,
          0.19348126814595465,
          0.12420700576873216,
          0.2441597373160882,
          0.2251514383058019,
          0.0,
          0.4877398247226751
        ],
        [
          0.050204552531773,
          1.478539775430123e-16,
          0.2696003141471449,
          0.1580304497640343,
          0.39063396202524375,
          2.3664272809671425e-16,
          0.18887078475651986,
          0.2669852803556286,
          0.3752009624055429,
          0.22339144885461226,
          0.11964055149211829,
          0.255396941067584,
          0.21724864757252926,
          0.4877398247226751,
          0.0
        ]
      ],
      "norms": [
        0.2451101529251051,
        0.6062177826491083,
        0.1340607938428035,
        0.09212332770934563,
        0.21883536579818702,
        0.21213203435596475,
        0.35247612737070627,
        0.2737457117553449,
        0.4242640687119295,
        0.26004480900768934,
        0.007747798222351341,
        0.36802838259079296,
        0.19545908839706283,
        0.3775019814231208,
        0.10401757054410408
      ],
      "intra_axis": {
        "ax0": {
          "live_candidates": [
            "ax0_A",
            "ax0_C"
          ],
          "dead_candidates": [],
          "pair_count": 1,
          "min_overlap": 0.9434294184827988,
          "max_overlap": 0.9434294184827988,
          "avg_overlap": 0.9434294184827988
        },
        "ax1": {
          "live_candidates": [
            "ax1_A",
            "ax1_B"
          ],
          "dead_candidates": [],
          "pair_count": 1,
          "min_overlap": 0.6883170687719378,
          "max_overlap": 0.6883170687719378,
          "avg_overlap": 0.6883170687719378
        },
        "ax2": {
          "live_candidates": [
            "ax2_A",
            "ax2_C"
          ],
          "dead_candidates": [],
          "pair_count": 1,
          "min_overlap": 0.11797151710214733,
          "max_overlap": 0.11797151710214733,
          "avg_overlap": 0.11797151710214733
        },
        "ax3": {
          "live_candidates": [
            "ax3_B",
            "ax3_C",
            "ax3_D"
          ],
          "dead_candidates": [],
          "pair_count": 3,
          "min_overlap": 2.347441943465027e-17,
          "max_overlap": 0.4213395379174693,
          "avg_overlap": 0.21628369908835388
        },
        "ax4": {
          "live_candidates": [
            "ax4_B"
          ],
          "dead_candidates": [],
          "pair_count": 0,
          "min_overlap": null,
          "max_overlap": null,
          "avg_overlap": null
        },
        "ax5": {
          "live_candidates": [
            "ax5_B"
          ],
