{
  "schema": "WIGGLE_EXPLORATION_v1",
  "timestamp": "2026-03-27T19:24:15.842176+00:00Z",
  "n_trials": 150,
  "r": 0.5,
  "candidates": [
    "ax0_A",
    "ax0_B",
    "ax0_C",
    "ax1_A",
    "ax1_B",
    "ax1_C",
    "ax2_A",
    "ax2_B",
    "ax2_C",
    "ax3_A",
    "ax3_B",
    "ax3_C",
    "ax3_D",
    "ax4_A",
    "ax4_B",
    "ax4_C",
    "ax5_A",
    "ax5_B",
    "ax5_C",
    "ax5_D",
    "ax6_A",
    "ax6_B",
    "ax6_C",
    "ax6_D"
  ],
  "overlap": [
    [
      0.0,
      0.46084238790270576,
      0.9431235247154617,
      0.08239033596080363,
      0.19110705118114138,
      0.9431235247154615,
      0.12611617615000387,
      0.46084238790270576,
      0.8670841026228018,
      0.05733619576957795,
      0.6567582737548284,
      0.4745749856619139,
      3.282966315633181e-17,
      0.0,
      0.045899898392777964,
      0.06661857935933214,
      0.6680738041801467,
      0.057679847107741024,
      1.0,
      0.9431235247154615,
      0.047422412100940385,
      3.287035931298437e-17,
      1.5517006028357376e-17,
      0.05339215808832782
    ],
    [
      0.46084238790270576,
      0.0,
      0.4364357804719834,
      0.04721465589304676,
      0.2154037289825327,
      0.43643578047198334,
      0.17326571185065448,
      1.0,
      0.5345224838248487,
      0.03344785337092879,
      0.30870547236737883,
      0.17563471902901967,
      2.017693173655395e-17,
      0.0,
      9.0185129300365e-17,
      0.008407950713365758,
      0.28129222535492654,
      0.48343754580109144,
      0.46084238790270565,
      0.43643578047198334,
      3.207288500213607e-17,
      1.723309677880043e-17,
      0.3160095069624498,
      9.49635609523394e-17
    ],
    [
      0.9431235247154617,
      0.4364357804719834,
      0.0,
      0.19060775172944727,
      0.22318140597005662,
      1.0,
      0.18939605370330787,
      0.4364357804719834,
      0.8164965809277229,
      0.04807596595822926,
      0.6932598414992759,
      0.5365729297418563,
      1.7490042405018244e-16,
      0.0,
      2.361177820513781e-16,
      0.01284335686115316,
      0.7278752002571268,
      0.10029021305107946,
      0.9431235247154615,
      1.0,
      2.5380902237707654e-16,
      1.3385365618532297e-16,
      0.09143598500292782,
      1.0436855196622848e-16
    ],
    [
      0.08239033596080363,
      0.04721465589304676,
      0.19060775172944727,
      0.0,
      0.8095856583652172,
      0.19060775172944716,
      0.27980203912138585,
      0.04721465589304676,
      0.09615389566544695,
      0.4964327648247648,
      0.1900851262580079,
      0.257139936504918,
      0.30115404171990895,
      0.0,
      0.4889539179159276,
      0.30679449051831575,
      0.17059587740455348,
      0.29386188472462704,
      0.08239033596080363,
      0.19060775172944722,
      0.5190360719217619,
      0.534778489042111,
      0.21526473226052084,
      0.2553091623112282
    ],
    [
      0.19110705118114138,
      0.2154037289825327,
      0.22318140597005662,
      0.8095856583652172,
      0.0,
      0.22318140597005656,
      0.14063751136867728,
      0.2154037289825327,
      0.16546701477894768,
      0.5980477819201134,
      0.2063233660186085,
      0.2527521856945442,
      0.36910714790059035,
      0.0,
      0.6020882690758957,
      0.14701663649251853,
      0.285966317602702,
      0.35187325322047225,
      0.19110705118114144,
      0.22318140597005656,
      0.6338020897399772,
      0.6458562823832181,
      0.23851976515168563,
      0.15267809306850105
    ],
    [
      0.9431235247154615,
      0.43643578047198334,
      1.0,
      0.19060775172944716,
      0.22318140597005656,
      0.0,
      0.1893960537033078,
      0.43643578047198334,
      0.8164965809277229,
      0.04807596595822926,
      0.6932598414992758,
      0.5365729297418563,
      5.1200965239665986e-17,
      0.0,
      7.549726461370521e-17,
      0.012843356861153184,
      0.7278752002571269,
      0.10029021305107942,
      0.9431235247154615,
      1.0,
      5.2045408728364994e-17,
      3.633330270334476e-17,
      0.09143598500292778,
      1.8129566908357407e-16
    ],
    [
      0.12611617615000387,
      0.17326571185065448,
      0.18939605370330787,
      0.27980203912138585,
      0.14063751136867728,
      0.1893960537033078,
      0.0,
      0.17326571185065448,
      0.11539319229490147,
      0.1944340908280693,
      0.18231482211869174,
      0.22010902665491305,
      0.31912375601807164,
      0.0,
      0.2067823762222342,
      0.2381538039841188,
      0.21669107529690346,
      0.34278551997330897,
      0.12611617615000387,
      0.18939605370330787,
      0.26280558088034134,
      0.12169294830604636,
      0.2710146439520216,
      0.4977922631533921
    ],
    [
      0.46084238790270576,
      1.0,
      0.4364357804719834,
      0.04721465589304676,
      0.2154037289825327,
      0.43643578047198334,
      0.17326571185065448,
      0.0,
      0.5345224838248487,
      0.03344785337092879,
      0.30870547236737883,
      0.17563471902901967,
      2.017693173655395e-17,
      0.0,
      9.012868027863058e-17,
      0.008407950713365758,
      0.28129222535492654,
      0.48343754580109144,
      0.46084238790270565,
      0.43643578047198334,
      3.190596938764612e-17,
      1.7268810391825976e-17,
      0.3160095069624498,
      9.512046455827107e-17
    ],
    [
      0.8670841026228018,
      0.5345224838248487,
      0.8164965809277229,
      0.09615389566544695,
      0.16546701477894768,
      0.8164965809277229,
      0.11539319229490147,
      0.5345224838248487,
      0.0,
      0.049477003904123906,
      0.5775350555104707,
      0.3285824719144486,
      3.7747582837255325e-17,
      0.0,
      7.035980476608445e-17,
      4.2402638864983664e-15,
      0.5227203886349869,
      0.061414962042539684,
      0.8670841026228018,
      0.8164965809277229,
      3.869753178716882e-17,
      1.1857976640326904e-17,
      0.09214765146602694,
      1.424364881058614e-16
    ],
    [
      0.05733619576957795,
      0.03344785337092879,
      0.04807596595822926,
      0.4964327648247648,
      0.5980477819201134,
      0.04807596595822926,
      0.1944340908280693,
      0.03344785337092879,
      0.049477003904123906,
      0.0,
      0.04113463790387908,
      0.3803687446553407,
      0.33355370591365,
      0.0,
      0.2725322919599646,
      0.1668780840098588,
      0.15123956972025493,
      0.31644675173835335,
      0.05733619576957795,
      0.04807596595822928,
      0.3117712464618578,
      0.9182880100717445,
      0.07819479761549704,
      0.6094749671780921
    ],
    [
      0.6567582737548284,
      0.30870547236737883,
      0.6932598414992759,
      0.1900851262580079,
      0.2063233660186085,
      0.6932598414992758,
      0.18231482211869174,
      0.30870547236737883,
      0.5775350555104707,
      0.04113463790387908,
      0.0,
      0.4371216515734389,
      0.20785411676666551,
      0.0,
      0.19279101551914216,
      0.16929202792316186,
      0.49697346598870096,
      0.1627753851905429,
      0.6567582737548282,
      0.6932598414992758,
      0.19254962015020566,
      2.924946584773007e-17,
      0.08486497698035363,
      0.14925090747486774
    ],
    [
      0.4745749856619139,
      0.17563471902901967,
      0.5365729297418563,
      0.257139936504918,
      0.2527521856945442,
      0.5365729297418563,
      0.22010902665491305,
      0.17563471902901967,
      0.3285824719144486,
      0.3803687446553407,
      0.4371216515734389,
      0.0,
      2.124345970535142e-17,
      0.0,
      0.2253594695758175,
      0.2559583151061147,
      0.4883734906514888,
      0.12495617765114893,
      0.4745749856619139,
      0.5365729297418561,
      0.2263764435136314,
      0.3869131476493688,
      0.07164801022315145,
      0.2771322389702847
    ],
    [
      3.282966315633181e-17,
      2.017693173655395e-17,
      1.7490042405018244e-16,
      0.30115404171990895,
      0.36910714790059035,
      5.1200965239665986e-17,
      0.31912375601807164,
      2.017693173655395e-17,
      3.7747582837255325e-17,
      0.33355370591365,
      0.20785411676666551,
      2.124345970535142e-17,
      0.0,
      0.0,
      0.373922469499361,
      0.4348441489295346,
      0.06821428515586075,
      0.7125355784874592,
      3.9145419730398556e-17,
      3.902927268960911e-17,
      0.3852750908718923,
      0.35374776646059825,
      0.15434187852775957,
      0.353743191520916
    ],
    [
      0.0,
      0.0,
      0.0,
      0.0,
      0.0,
      0.0,
      0.0,
      0.0,
      0.0,
      0.0,
      0.0,
      0.0,
      0.0,
      0.0,
      0.0,
      0.0,
      0.0,
      0.0,
      0.0,
      0.0,
      0.0,
      0.0,
      0.0,
      0.0
    ],
    [
      0.045899898392777964,
      9.0185129300365e-17,
      2.361177820513781e-16,
      0.4889539179159276,
      0.6020882690758957,
      7.549726461370521e-17,
      0.2067823762222342,
      9.012868027863058e-17,
      7.035980476608445e-17,
      0.2725322919599646,
      0.19279101551914216,
      0.2253594695758175,
      0.373922469499361,
      0.0,
      0.0,
      0.4260994757361327,
      0.18724190903517157,
      0.2896785966906368,
      0.045899898392777964,
      7.12991416345884e-17,
      0.9704008274640301,
      0.19315167716815054,
      0.1476782847965747,
      0.21120734022688675
    ],
    [
      0.06661857935933214,
      0.008407950713365758,
      0.01284335686115316,
      0.30679449051831575,
      0.14701663649251853,
      0.012843356861153184,
      0.2381538039841188,
      0.008407950713365758,
      4.2402638864983664e-15,
      0.1668780840098588,
      0.16929202792316186,
      0.2559583151061147,
      0.4348441489295346,
      0.0,
      0.4260994757361327,
      0.0,
      0.13637464382210057,
      0.35143664308896094,
      0.06661857935933214,
      0.012843356861153182,
      0.4359320207556215,
      0.16658796824371064,
      0.21498612489349878,
      0.1726238973961998
    ],
    [
      0.6680738041801467,
      0.28129222535492654,
      0.7278752002571268,
      0.17059587740455348,
      0.285966317602702,
      0.7278752002571269,
      0.21669107529690346,
      0.28129222535492654,
      0.5227203886349869,
      0.15123956972025493,
      0.49697346598870096,
      0.4883734906514888,
      0.06821428515586075,
      0.0,
      0.18724190903517157,
      0.13637464382210057,
      0.0,
      0.12863339331800053,
      0.6680738041801467,
      0.7278752002571269,
      0.18728272402541424,
      0.1299861833498336,
      0.18324938003955102,
      0.1362373509454538
    ],
    [
      0.057679847107741024,
      0.48343754580109144,
      0.10029021305107946,
      0.29386188472462704,
      0.35187325322047225,
      0.10029021305107942,
      0.34278551997330897,
      0.48343754580109144,
      0.061414962042539684,
      0.31644675173835335,
      0.1627753851905429,
      0.12495617765114893,
      0.7125355784874592,
      0.0,
      0.2896785966906368,
      0.35143664308896094,
      0.12863339331800053,
      0.0,
      0.05767984710774104,
      0.10029021305107946,
      0.26539977306416207,
      0.3300711209341062,
      0.35110219097306883,
      0.3161621764466239
    ],
    [
      1.0,
      0.46084238790270565,
      0.9431235247154615,
      0.08239033596080363,
      0.19110705118114144,
      0.9431235247154615,
      0.12611617615000387,
      0.46084238790270565,
      0.8670841026228018,
      0.05733619576957795,
      0.6567582737548282,
      0.4745749856619139,
      3.9145419730398556e-17,
      0.0,
      0.045899898392777964,
      0.06661857935933214,
      0.6680738041801467,
      0.05767984710774104,
      0.0,
      0.9431235247154615,
      0.047422412100940385,
      3.4315391936385464e-17,
      1.7488811394547803e-17,
      0.053392158088327805
    ],
    [
      0.9431235247154615,
      0.43643578047198334,
      1.0,
      0.19060775172944722,
      0.22318140597005656,
      1.0,
      0.18939605370330787,
      0.43643578047198334,
      0.8164965809277229,
      0.04807596595822928,
      0.6932598414992758,
      0.5365729297418561,
      3.902927268960911e-17,
      0.0,
      7.12991416345884e-17,
      0.012843356861153182,
      0.7278752002571269,
      0.10029021305107946,
      0.9431235247154615,
      0.0,
      4.1584395345021475e-17,
      3.107198786661484e-17,
      0.09143598500292784,
      1.7177773885883432e-16
    ],
    [
      0.047422412100940385,
      3.207288500213607e-17,
      2.5380902237707654e-16,
      0.5190360719217619,
      0.6338020897399772,
      5.2045408728364994e-17,
      0.26280558088034134,
      3.190596938764612e-17,
      3.869753178716882e-17,
      0.3117712464618578,
      0.19254962015020566,
      0.2263764435136314,
      0.3852750908718923,
      0.0,
      0.9704008274640301,
      0.4359320207556215,
      0.18728272402541424,
      0.26539977306416207,
      0.047422412100940385,
      4.1584395345021475e-17,
      0.0,
      0.22774401729852695,
      0.16435897304720043,
      0.20628541284730506
    ],
    [
      3.287035931298437e-17,
      1.723309677880043e-17,
      1.3385365618532297e-16,
      0.534778489042111,
      0.6458562823832181,
      3.633330270334476e-17,
      0.12169294830604636,
      1.7268810391825976e-17,
      1.1857976640326904e-17,
      0.9182880100717445,
      2.924946584773007e-17,
      0.3869131476493688,
      0.35374776646059825,
      0.0,
      0.19315167716815054,
      0.16658796824371064,
      0.1299861833498336,
      0.3300711209341062,
      3.4315391936385464e-17,
      3.107198786661484e-17,
      0.22774401729852695,
      0.0,
      1.4955052884669705e-17,
      0.4972893687232886
    ],
    [
      1.5517006028357376e-17,
      0.3160095069624498,
      0.09143598500292782,
      0.21526473226052084,
      0.23851976515168563,
      0.09143598500292778,
      0.2710146439520216,
      0.3160095069624498,
      0.09214765146602694,
      0.07819479761549704,
      0.08486497698035363,
      0.07164801022315145,
      0.15434187852775957,
      0.0,
      0.1476782847965747,
      0.21498612489349878,
      0.18324938003955102,
      0.35110219097306883,
      1.7488811394547803e-17,
      0.09143598500292784,
      0.16435897304720043,
      1.4955052884669705e-17,
      0.0,
      0.17973617806682257
    ],
    [
      0.05339215808832782,
      9.49635609523394e-17,
      1.0436855196622848e-16,
      0.2553091623112282,
      0.15267809306850105,
      1.8129566908357407e-16,
      0.4977922631533921,
      9.512046455827107e-17,
      1.424364881058614e-16,
      0.6094749671780921,
      0.14925090747486774,
      0.2771322389702847,
      0.353743191520916,
      0.0,
      0.21120734022688675,
      0.1726238973961998,
      0.1362373509454538,
      0.3161621764466239,
      0.053392158088327805,
      1.7177773885883432e-16,
      0.20628541284730506,
      0.4972893687232886,
      0.17973617806682257,
      0.0
    ]
  ],
  "norms": [
    0.4083844656551551,
    0.6614378277661491,
    0.43301270189221847,
    0.17569334374056816,
    0.14720282686299296,
    0.12990381056766545,
    0.27636148967420093,
    0.6614378277661491,
    0.35355339059327456,
    0.37344657434178896,
    0.6003806341619465,
    0.46468578813949,
    0.7071067811865491,
    5.572875172661453e-17,
    0.4297468922064013,
    0.003252186169483466,
    0.01282076204393956,
    0.4989796568332841,
    0.2041922328275776,
    0.46485768852041853,
    0.32322985216650174,
    0.6355513188209423,
    0.0497348424865006,
    0.1668514844543742
  ]
}