{
  "timestamp": "2026-03-25T07:38:11.771884+00:00",
  "dimensions": [
    4,
    8
  ],
  "rank_epsilon": 1e-06,
  "condition_cap": 100000000.0,
  "triplet_count": 20,
  "evidence_ledger": [
    {
      "token_id": "E_SIM_TRIPLET_A1_Coupling_A2_Frame_A3_Chirality_OK",
      "sim_spec_id": "S_SIM_TRIPLET_A1_Coupling_A2_Frame_A3_Chirality",
      "status": "PASS",
      "measured_value": 2.2373701313506476,
      "kill_reason": null,
      "timestamp": "2026-03-25T07:38:11.090409"
    },
    {
      "token_id": "E_SIM_TRIPLET_A1_Coupling_A2_Frame_A4_Variance_OK",
      "sim_spec_id": "S_SIM_TRIPLET_A1_Coupling_A2_Frame_A4_Variance",
      "status": "PASS",
      "measured_value": 8.818310407082883,
      "kill_reason": null,
      "timestamp": "2026-03-25T07:38:11.132357"
    },
    {
      "token_id": "E_SIM_TRIPLET_A1_Coupling_A2_Frame_A5_Texture_OK",
      "sim_spec_id": "S_SIM_TRIPLET_A1_Coupling_A2_Frame_A5_Texture",
      "status": "PASS",
      "measured_value": 7.741320635154136,
      "kill_reason": null,
      "timestamp": "2026-03-25T07:38:11.161891"
    },
    {
      "token_id": "E_SIM_TRIPLET_A1_Coupling_A2_Frame_A6_Precedence_OK",
      "sim_spec_id": "S_SIM_TRIPLET_A1_Coupling_A2_Frame_A6_Precedence",
      "status": "PASS",
      "measured_value": 5.595606995102357,
      "kill_reason": null,
      "timestamp": "2026-03-25T07:38:11.200563"
    },
    {
      "token_id": "E_SIM_TRIPLET_A1_Coupling_A3_Chirality_A4_Variance_OK",
      "sim_spec_id": "S_SIM_TRIPLET_A1_Coupling_A3_Chirality_A4_Variance",
      "status": "PASS",
      "measured_value": 2.2506328856890345,
      "kill_reason": null,
      "timestamp": "2026-03-25T07:38:11.237676"
    },
    {
      "token_id": "E_SIM_TRIPLET_A1_Coupling_A3_Chirality_A5_Texture_OK",
      "sim_spec_id": "S_SIM_TRIPLET_A1_Coupling_A3_Chirality_A5_Texture",
      "status": "PASS",
      "measured_value": 2.469500768081675,
      "kill_reason": null,
      "timestamp": "2026-03-25T07:38:11.262437"
    },
    {
      "token_id": "E_SIM_TRIPLET_A1_Coupling_A3_Chirality_A6_Precedence_OK",
      "sim_spec_id": "S_SIM_TRIPLET_A1_Coupling_A3_Chirality_A6_Precedence",
      "status": "PASS",
      "measured_value": 1.8060640896249058,
      "kill_reason": null,
      "timestamp": "2026-03-25T07:38:11.297596"
    },
    {
      "token_id": "E_SIM_TRIPLET_A1_Coupling_A4_Variance_A5_Texture_OK",
      "sim_spec_id": "S_SIM_TRIPLET_A1_Coupling_A4_Variance_A5_Texture",
      "status": "PASS",
      "measured_value": 6.439767558972892,
      "kill_reason": null,
      "timestamp": "2026-03-25T07:38:11.339761"
    },
    {
      "token_id": "E_SIM_TRIPLET_A1_Coupling_A4_Variance_A6_Precedence_OK",
      "sim_spec_id": "S_SIM_TRIPLET_A1_Coupling_A4_Variance_A6_Precedence",
      "status": "PASS",
      "measured_value": 5.51013713426743,
      "kill_reason": null,
      "timestamp": "2026-03-25T07:38:11.391043"
    },
    {
      "token_id": "E_SIM_TRIPLET_A1_Coupling_A5_Texture_A6_Precedence_OK",
      "sim_spec_id": "S_SIM_TRIPLET_A1_Coupling_A5_Texture_A6_Precedence",
      "status": "PASS",
      "measured_value": 13.668247809137668,
      "kill_reason": null,
      "timestamp": "2026-03-25T07:38:11.430552"
    },
    {
      "token_id": "E_SIM_TRIPLET_A2_Frame_A3_Chirality_A4_Variance_OK",
      "sim_spec_id": "S_SIM_TRIPLET_A2_Frame_A3_Chirality_A4_Variance",
      "status": "PASS",
      "measured_value": 9.690316407887693,
      "kill_reason": null,
      "timestamp": "2026-03-25T07:38:11.460874"
    },
    {
      "token_id": "E_SIM_TRIPLET_A2_Frame_A3_Chirality_A5_Texture_OK",
      "sim_spec_id": "S_SIM_TRIPLET_A2_Frame_A3_Chirality_A5_Texture",
      "status": "PASS",
      "measured_value": 9.04162191542202,
      "kill_reason": null,
      "timestamp": "2026-03-25T07:38:11.479304"
    },
    {
      "token_id": "E_SIM_TRIPLET_A2_Frame_A3_Chirality_A6_Precedence_OK",
      "sim_spec_id": "S_SIM_TRIPLET_A2_Frame_A3_Chirality_A6_Precedence",
      "status": "PASS",
      "measured_value": 5.673992010056866,
      "kill_reason": null,
      "timestamp": "2026-03-25T07:38:11.507852"
    },
    {
      "token_id": "E_SIM_TRIPLET_A2_Frame_A4_Variance_A5_Texture_OK",
      "sim_spec_id": "S_SIM_TRIPLET_A2_Frame_A4_Variance_A5_Texture",
      "status": "PASS",
      "measured_value": 8.354546601584623,
      "kill_reason": null,
      "timestamp": "2026-03-25T07:38:11.543623"
    },
    {
      "token_id": "E_SIM_TRIPLET_A2_Frame_A4_Variance_A6_Precedence_OK",
      "sim_spec_id": "S_SIM_TRIPLET_A2_Frame_A4_Variance_A6_Precedence",
      "status": "PASS",
      "measured_value": 11.24964979466196,
      "kill_reason": null,
      "timestamp": "2026-03-25T07:38:11.589902"
    },
    {
      "token_id": "E_SIM_TRIPLET_A2_Frame_A5_Texture_A6_Precedence_OK",
      "sim_spec_id": "S_SIM_TRIPLET_A2_Frame_A5_Texture_A6_Precedence",
      "status": "PASS",
      "measured_value": 16.660326157440604,
      "kill_reason": null,
      "timestamp": "2026-03-25T07:38:11.623644"
    },
    {
      "token_id": "E_SIM_TRIPLET_A3_Chirality_A4_Variance_A5_Texture_OK",
      "sim_spec_id": "S_SIM_TRIPLET_A3_Chirality_A4_Variance_A5_Texture",
      "status": "PASS",
      "measured_value": 6.997170726349126,
      "kill_reason": null,
      "timestamp": "2026-03-25T07:38:11.655425"
    },
    {
      "token_id": "E_SIM_TRIPLET_A3_Chirality_A4_Variance_A6_Precedence_OK",
      "sim_spec_id": "S_SIM_TRIPLET_A3_Chirality_A4_Variance_A6_Precedence",
      "status": "PASS",
      "measured_value": 5.451506818603836,
      "kill_reason": null,
      "timestamp": "2026-03-25T07:38:11.695723"
    },
    {
      "token_id": "E_SIM_TRIPLET_A3_Chirality_A5_Texture_A6_Precedence_OK",
      "sim_spec_id": "S_SIM_TRIPLET_A3_Chirality_A5_Texture_A6_Precedence",
      "status": "PASS",
      "measured_value": 13.781784846696047,
      "kill_reason": null,
      "timestamp": "2026-03-25T07:38:11.725963"
    },
    {
      "token_id": "E_SIM_TRIPLET_A4_Variance_A5_Texture_A6_Precedence_OK",
      "sim_spec_id": "S_SIM_TRIPLET_A4_Variance_A5_Texture_A6_Precedence",
      "status": "PASS",
      "measured_value": 15.950354637841997,
      "kill_reason": null,
      "timestamp": "2026-03-25T07:38:11.771400"
    }
  ],
  "measurements": [
    {
      "triplet": [
        "A1_Coupling",
        "A2_Frame",
        "A3_Chirality"
      ],
      "dimension": 4,
      "rank": 3,
      "min_singular_value": 0.5304274663101894,
      "max_singular_value": 1.1867625699704196,
      "condition_number": 2.2373701313506476,
      "max_pairwise_overlap": 0.5028104727890139,
      "gram_matrix": [
        [
          1.0,
          0.3282307800732251,
          0.5028104727890139
        ],
        [
          0.3282307800732251,
          1.0,
          0.3230342725528437
        ],
        [
          0.5028104727890139,
          0.3230342725528437,
          1.0
        ]
      ],
      "status": "PASS"
    },
    {
      "triplet": [
        "A1_Coupling",
        "A2_Frame",
        "A3_Chirality"
      ],
      "dimension": 8,
      "rank": 3,
      "min_singular_value": 0.5253361699771935,
      "max_singular_value": 1.123260615101376,
      "condition_number": 2.138174904557096,
      "max_pairwise_overlap": 0.4189228410604577,
      "gram_matrix": [
        [
          1.0,
          0.1458036743699574,
          0.4189228410604577
        ],
        [
          0.1458036743699574,
          1.0,
          0.16824560170239167
        ],
        [
          0.4189228410604577,
          0.16824560170239167,
          1.0
        ]
      ],
      "status": "PASS"
    },
    {
      "triplet": [
        "A1_Coupling",
        "A2_Frame",
        "A4_Variance"
      ],
      "dimension": 4,
      "rank": 3,
      "min_singular_value": 0.11106252104875124,
      "max_singular_value": 0.9793837852010647,
      "condition_number": 8.818310407082883,
      "max_pairwise_overlap": 0.9630290372980048,
      "gram_matrix": [
        [
          1.0,
          0.3282307800732251,
          0.31352779976108036
        ],
        [
          0.3282307800732251,
          1.0,
          0.9630290372980048
        ],
        [
          0.31352779976108036,
          0.9630290372980048,
          1.0
        ]
      ],
      "status": "PASS"
    },
    {
      "triplet": [
        "A1_Coupling",
        "A2_Frame",
        "A4_Variance"
      ],
      "dimension": 8,
      "rank": 3,
      "min_singular_value": 0.13512696075574993,
      "max_singular_value": 0.876574188694155,
      "condition_number": 6.4870414001141885,
      "max_pairwise_overlap": 0.9353774328887072,
      "gram_matrix": [
        [
          1.0,
          0.1458036743699574,
          0.13167171116691714
        ],
        [
          0.1458036743699574,
          1.0,
          0.9353774328887072
        ],
        [
          0.13167171116691714,
          0.9353774328887072,
          1.0
        ]
      ],
      "status": "PASS"
    },
    {
      "triplet": [
        "A1_Coupling",
        "A2_Frame",
        "A5_Texture"
      ],
      "dimension": 4,
      "rank": 3,
      "min_singular_value": 0.13725409435540636,
      "max_singular_value": 0.9354698019068528,
      "condition_number": 6.815605802509199,
      "max_pairwise_overlap": 0.9143713552459084,
      "gram_matrix": [
        [
          1.0,
          0.3282307800732251,
          0.1479721095930855
        ],
        [
          0.3282307800732251,
          1.0,
          0.9143713552459084
        ],
        [
          0.1479721095930855,
          0.9143713552459084,
          1.0
        ]
      ],
      "status": "PASS"
    },
    {
      "triplet": [
        "A1_Coupling",
        "A2_Frame",
        "A5_Texture"
      ],
      "dimension": 8,
      "rank": 3,
      "min_singular_value": 0.1117822722698123,
      "max_singular_value": 0.8653424109667159,
      "condition_number": 7.741320635154136,
      "max_pairwise_overlap": 0.945983151384138,
      "gram_matrix": [
        [
          1.0,
          0.1458036743699574,
          0.03595036762117128
        ],
        [
          0.1458036743699574,
          1.0,
          0.945983151384138
        ],
        [
          0.03595036762117128,
          0.945983151384138,
          1.0
        ]
      ],
      "status": "PASS"
    },
    {
      "triplet": [
        "A1_Coupling",
        "A2_Frame",
        "A6_Precedence"
      ],
      "dimension": 4,
      "rank": 3,
      "min_singular_value": 0.20912342406920603,
      "max_singular_value": 1.1566144453323908,
      "condition_number": 5.530774232874209,
      "max_pairwise_overlap": 0.8888000701107136,
      "gram_matrix": [
        [
          1.0,
          0.3282307800732251,
          0.13033570921925497
        ],
        [
          0.3282307800732251,
          1.0,
          0.8888000701107136
        ],
        [
          0.13033570921925497,
          0.8888000701107136,
          1.0
        ]
      ],
      "status": "PASS"
    },
    {
      "triplet": [
        "A1_Coupling",
        "A2_Frame",
        "A6_Precedence"
      ],
      "dimension": 8,
      "rank": 3,
      "min_singular_value": 0.19529295235060115,
      "max_singular_value": 1.0927826102672151,
      "condition_number": 5.595606995102357,
      "max_pairwise_overlap": 0.9050072652705442,
      "gram_matrix": [
        [
          1.0,
          0.1458036743699574,
          0.030812356623114955
        ],
        [
          0.1458036743699574,
          1.0,
          0.9050072652705442
        ],
        [
          0.030812356623114955,
          0.9050072652705442,
          1.0
        ]
      ],
      "status": "PASS"
    },
    {
      "triplet": [
        "A1_Coupling",
        "A3_Chirality",
        "A4_Variance"
      ],
      "dimension": 4,
      "rank": 3,
      "min_singular_value": 0.52470184436428,
      "max_singular_value": 1.1809112261079382,
      "condition_number": 2.2506328856890345,
      "max_pairwise_overlap": 0.5028104727890139,
      "gram_matrix": [
        [
          1.0,
          0.5028104727890139,
          0.31352779976108036
        ],
        [
          0.5028104727890139,
          1.0,
          0.2798945100924748
        ],
        [
          0.31352779976108036,
          0.2798945100924748,
          1.0
        ]
      ],
      "status": "PASS"
    },
    {
      "triplet": [
        "A1_Coupling",
        "A3_Chirality",
        "A4_Variance"
      ],
      "dimension": 8,
      "rank": 3,
      "min_singular_value": 0.517616845752541,
      "max_singular_value": 1.121489696878548,
      "condition_number": 2.166640645646032,
      "max_pairwise_overlap": 0.4189228410604577,
      "gram_matrix": [
        [
          1.0,
          0.4189228410604577,
          0.13167171116691714
        ],
        [
          0.4189228410604577,
          1.0,
          0.1395956432958539
        ],
        [
          0.13167171116691714,
          0.1395956432958539,
          1.0
        ]
      ],
      "status": "PASS"
    },
    {
      "triplet": [
        "A1_Coupling",
        "A3_Chirality",
        "A5_Texture"
      ],
      "dimension": 4,
      "rank": 3,
      "min_singular_value": 0.4712964988257389,
      "max_singular_value": 1.1638670658443664,
      "condition_number": 2.469500768081675,
      "max_pairwise_overlap": 0.5028104727890139,
      "gram_matrix": [
        [
          1.0,
          0.5028104727890139,
          0.1479721095930855
        ],
        [
          0.5028104727890139,
          1.0,
          0.12894383936202403
        ],
        [
          0.1479721095930855,
          0.12894383936202403,
          1.0
        ]
      ],
      "status": "PASS"
    },
    {
      "triplet": [
        "A1_Coupling",
        "A3_Chirality",
        "A5_Texture"
      ],
      "dimension": 8,
      "rank": 3,
      "min_singular_value": 0.4868505166409986,
      "max_singular_value": 1.1178735841768148,
      "condition_number": 2.2961330962315274,
      "max_pairwise_overlap": 0.4189228410604577,
      "gram_matrix": [
        [
          1.0,
          0.4189228410604577,
          0.03595036762117128
        ],
        [
          0.4189228410604577,
          1.0,
          0.05607237319166291
        ],
        [
          0.03595036762117128,
          0.05607237319166291,
          1.0
        ]
      ],
      "status": "PASS"
    },
    {
      "triplet": [
        "A1_Coupling",
        "A3_Chirality",
        "A6_Precedence"
      ],
      "dimension": 4,
      "rank": 3,
      "min_singular_value": 0.6571947571975029,
      "max_singular_value": 1.186935850864169,
      "condition_number": 1.8060640896249058,
      "max_pairwise_overlap": 0.5028104727890139,
      "gram_matrix": [
        [
          1.0,
          0.5028104727890139,
          0.13033570921925497
        ],
        [
          0.5028104727890139,
          1.0,
          0.113992624743097
        ],
        [
          0.13033570921925497,
          0.113992624743097,
          1.0
        ]
      ],
      "status": "PASS"
    },
    {
      "triplet": [
        "A1_Coupling",
        "A3_Chirality",
        "A6_Precedence"
      ],
      "dimension": 8,
      "rank": 3,
      "min_singular_value": 0.6951720591241126,
      "max_singular_value": 1.1217783919146913,
      "condition_number": 1.6136701370421658,
      "max_pairwise_overlap": 0.4189228410604577,
      "gram_matrix": [
        [
          1.0,
          0.4189228410604577,
          0.030812356623114955
        ],
        [
          0.4189228410604577,
          1.0,
          0.0514225641743843
        ],
        [
          0.030812356623114955,
          0.0514225641743843,
          1.0
        ]
      ],
      "status": "PASS"
    },
    {
      "triplet": [
        "A1_Coupling",
        "A4_Variance",
        "A5_Texture"
      ],
      "dimension": 4,
      "rank": 3,
      "min_singular_value": 0.1442359182482772,
      "max_singular_value": 0.9288457871739216,
      "condition_number": 6.439767558972892,
      "max_pairwise_overlap": 0.9083095506808944,
      "gram_matrix": [
        [
          1.0,
          0.31352779976108036,
          0.1479721095930855
        ],
        [
          0.31352779976108036,
          1.0,
          0.9083095506808944
        ],
        [
          0.1479721095930855,
          0.9083095506808944,
          1.0
        ]
      ],
      "status": "PASS"
    },
    {
      "triplet": [
        "A1_Coupling",
        "A4_Variance",
        "A5_Texture"
      ],
      "dimension": 8,
      "rank": 3,
      "min_singular_value": 0.15138575907079915,
      "max_singular_value": 0.8629446991005431,
      "condition_number": 5.700303016593301,
      "max_pairwise_overlap": 0.9057878165543374,
      "gram_matrix": [
        [
          1.0,
          0.13167171116691714,
          0.03595036762117128
        ],
        [
          0.13167171116691714,
          1.0,
          0.9057878165543374
        ],
        [
          0.03595036762117128,
          0.9057878165543374,
          1.0
        ]
      ],
      "status": "PASS"
    },
    {
      "triplet": [
        "A1_Coupling",
        "A4_Variance",
        "A6_Precedence"
      ],
      "dimension": 4,
      "rank": 3,
      "min_singular_value": 0.2084979914677586,
      "max_singular_value": 1.1488525252066706,
      "condition_number": 5.51013713426743,
      "max_pairwise_overlap": 0.8890752638232577,
      "gram_matrix": [
        [
          1.0,
          0.31352779976108036,
          0.13033570921925497
        ],
        [
          0.31352779976108036,
          1.0,
          0.8890752638232577
        ],
        [
          0.13033570921925497,
          0.8890752638232577,
          1.0
        ]
      ],
      "status": "PASS"
    },
    {
      "triplet": [
        "A1_Coupling",
        "A4_Variance",
        "A6_Precedence"
      ],
      "dimension": 8,
      "rank": 3,
      "min_singular_value": 0.21606203386356962,
      "max_singular_value": 1.0834245398501048,
      "condition_number": 5.014414242412544,
      "max_pairwise_overlap": 0.8828970662440377,
      "gram_matrix": [
        [
          1.0,
          0.13167171116691714,
          0.030812356623114955
        ],
        [
          0.13167171116691714,
          1.0,
          0.8828970662440377
        ],
        [
          0.030812356623114955,
          0.8828970662440377,
          1.0
        ]
      ],
      "status": "PASS"
    },
    {
      "triplet": [
        "A1_Coupling",
        "A5_Texture",
        "A6_Precedence"
      ],
      "dimension": 4,
      "rank": 3,
      "min_singular_value": 0.08174420785909142,
      "max_singular_value": 1.1173000899797205,
      "condition_number": 13.668247809137668,
      "max_pairwise_overlap": 0.9818098735484806,
      "gram_matrix": [
        [
          1.0,
          0.1479721095930855,
          0.13033570921925497
        ],
        [
          0.1479721095930855,
          1.0,
          0.9818098735484806
        ],
        [
          0.13033570921925497,
          0.9818098735484806,
          1.0
        ]
      ],
      "status": "PASS"
    },
    {
      "triplet": [
        "A1_Coupling",
        "A5_Texture",
        "A6_Precedence"
      ],
      "dimension": 8,
      "rank": 3,
      "min_singular_value": 0.12718847966899074,
      "max_singular_value": 1.0789252379392362,
      "condition_number": 8.482884933817509,
      "max_pairwise_overlap": 0.9570598084389923,
      "gram_matrix": [
        [
          1.0,
          0.03595036762117128,
          0.030812356623114955
        ],
        [
          0.03595036762117128,
          1.0,
          0.9570598084389923
        ],
        [
          0.030812356623114955,
          0.9570598084389923,
          1.0
        ]
      ],
      "status": "PASS"
    },
    {
      "triplet": [
        "A2_Frame",
        "A3_Chirality",
        "A4_Variance"
      ],
      "dimension": 4,
      "rank": 3,
      "min_singular_value": 0.10968401860815583,
      "max_singular_value": 1.0628728452016714,
      "condition_number": 9.690316407887693,
      "max_pairwise_overlap": 0.9630290372980048,
      "gram_matrix": [
        [
          1.0,
          0.3230342725528437,
          0.9630290372980048
        ],
        [
          0.3230342725528437,
          1.0,
          0.2798945100924748
        ],
        [
          0.9630290372980048,
          0.2798945100924748,
          1.0
        ]
      ],
      "status": "PASS"
    },
    {
      "triplet": [
        "A2_Frame",
        "A3_Chirality",
        "A4_Variance"
      ],
      "dimension": 8,
      "rank": 3,
      "min_singular_value": 0.1347906246901378,
      "max_singular_value": 1.0139839345578978,
      "condition_number": 7.522659212307128,
      "max_pairwise_overlap": 0.9353774328887072,
      "gram_matrix": [
        [
          1.0,
          0.16824560170239167,
          0.9353774328887072
        ],
        [
          0.16824560170239167,
          1.0,
          0.1395956432958539
        ],
        [
          0.9353774328887072,
          0.1395956432958539,
          1.0
        ]
      ],
      "status": "PASS"
    },
    {
      "triplet": [
        "A2_Frame",
        "A3_Chirality",
        "A5_Texture"
      ],
      "dimension": 4,
      "rank": 3,
      "min_singular_value": 0.13464953188647508,
      "max_singular_value": 1.0350479728236721,
      "condition_number": 7.686977877474804,
      "max_pairwise_overlap": 0.9143713552459084,
      "gram_matrix": [
        [
          1.0,
          0.3230342725528437,
          0.9143713552459084
        ],
        [
          0.3230342725528437,
          1.0,
          0.12894383936202403
        ],
        [
          0.9143713552459084,
          0.12894383936202403,
          1.0
        ]
      ],
      "status": "PASS"
    },
    {
      "triplet": [
        "A2_Frame",
        "A3_Chirality",
        "A5_Texture"
      ],
      "dimension": 8,
      "rank": 3,
      "min_singular_value": 0.11148874849872756,
      "max_singular_value": 1.008039111749069,
      "condition_number": 9.04162191542202,
      "max_pairwise_overlap": 0.945983151384138,
      "gram_matrix": [
        [
          1.0,
          0.16824560170239167,
          0.945983151384138
        ],
        [
          0.16824560170239167,
          1.0,
          0.05607237319166291
        ],
        [
          0.945983151384138,
          0.05607237319166291,
          1.0
        ]
      ],
      "status": "PASS"
    },
    {
      "triplet": [
        "A2_Frame",
        "A3_Chirality",
        "A6_Precedence"
      ],
      "dimension": 4,
      "rank": 3,
      "min_singular_value": 0.20677893462939806,
      "max_singular_value": 1.1732620229352755,
      "condition_number": 5.673992010056866,
      "max_pairwise_overlap": 0.8888000701107136,
      "gram_matrix": [
        [
          1.0,
          0.3230342725528437,
          0.8888000701107136
        ],
        [
          0.3230342725528437,
          1.0,
          0.113992624743097
        ],
        [
          0.8888000701107136,
          0.113992624743097,
          1.0
        ]
      ],
      "status": "PASS"
    },
    {
      "triplet": [
        "A2_Frame",
        "A3_Chirality",
        "A6_Precedence"
      ],
      "dimension": 8,
      "rank": 3,
      "min_singular_value": 0.19496917290638205,
      "max_singular_value": 1.105348679086389,
      "condition_number": 5.6693510189795076,
      "max_pairwise_overlap": 0.9050072652705442,
      "gram_matrix": [
        [
          1.0,
          0.16824560170239167,
          0.9050072652705442
        ],
        [
          0.16824560170239167,
          1.0,
          0.0514225641743843
        ],
        [
          0.9050072652705442,
          0.0514225641743843,
          1.0
        ]
      ],
      "status": "PASS"
    },
    {
      "triplet": [
        "A2_Frame",
        "A4_Variance",
        "A5_Texture"
      ],
      "dimension": 4,
      "rank": 3,
      "min_singular_value": 0.11100247781817231,
      "max_singular_value": 0.9273753738232839,
      "condition_number": 8.354546601584623,
      "max_pairwise_overlap": 0.9630290372980048,
      "gram_matrix": [
        [
          1.0,
          0.9630290372980048,
          0.9143713552459084
        ],
        [
          0.9630290372980048,
          1.0,
          0.9083095506808944
        ],
        [
          0.9143713552459084,
          0.9083095506808944,
          1.0
        ]
      ],
      "status": "PASS"
    },
    {
      "triplet": [
        "A2_Frame",
        "A4_Variance",
        "A5_Texture"
      ],
      "dimension": 8,
      "rank": 3,
      "min_singular_value": 0.11292599996013784,
      "max_singular_value": 0.8756323265125143,
      "condition_number": 7.754036509055549,
      "max_pairwise_overlap": 0.945983151384138,
      "gram_matrix": [
        [
          1.0,
          0.9353774328887072,
          0.945983151384138
        ],
        [
          0.9353774328887072,
          1.0,
          0.9057878165543374
        ],
        [
          0.945983151384138,
          0.9057878165543374,
          1.0
        ]
      ],
      "status": "PASS"
    },
    {
      "triplet": [
        "A2_Frame",
        "A4_Variance",
        "A6_Precedence"
      ],
      "dimension": 4,
      "rank": 3,
      "min_singular_value": 0.1112337675564166,
      "max_singular_value": 1.251340930350518,
      "condition_number": 11.24964979466196,
      "max_pairwise_overlap": 0.9630290372980048,
      "gram_matrix": [
        [
          1.0,
          0.9630290372980048,
          0.8888000701107136
        ],
        [
          0.9630290372980048,
          1.0,
          0.8890752638232577
        ],
        [
          0.8888000701107136,
          0.8890752638232577,
          1.0
        ]
      ],
      "status": "PASS"
    },
    {
      "triplet": [
        "A2_Frame",
        "A4_Variance",
        "A6_Precedence"
      ],
      "dimension": 8,
      "rank": 3,
      "min_singular_value": 0.13343728228076765,
      "max_singular_value": 1.193908542586963,
      "condition_number": 8.947338571201112,
      "max_pairwise_overlap": 0.9353774328887072,
      "gram_matrix": [
        [
          1.0,
          0.9353774328887072,
          0.9050072652705442
        ],
        [
          0.9353774328887072,
          1.0,
          0.8828970662440377
        ],
        [
          0.9050072652705442,
          0.8828970662440377,
          1.0
        ]
      ],
      "status": "PASS"
    },
    {
      "triplet": [
        "A2_Frame",
        "A5_Texture",
        "A6_Precedence"
      ],
      "dimension": 4,
      "rank": 3,
      "min_singular_value": 0.07353973632833308,
      "max_singular_value": 1.2251959927622127,
      "condition_number": 16.660326157440604,
      "max_pairwise_overlap": 0.9818098735484806,
      "gram_matrix": [
        [
          1.0,
          0.9143713552459084,
          0.8888000701107136
        ],
        [
          0.9143713552459084,
          1.0,
          0.9818098735484806
        ],
        [
          0.8888000701107136,
          0.9818098735484806,
          1.0
        ]
      ],
      "status": "PASS"
    },
    {
      "triplet": [
        "A2_Frame",
        "A5_Texture",
        "A6_Precedence"
      ],
      "dimension": 8,
      "rank": 3,
      "min_singular_value": 0.09621881912569798,
      "max_singular_value": 1.1892884654183884,
      "condition_number": 12.360247987087954,
      "max_pairwise_overlap": 0.9570598084389923,
      "gram_matrix": [
        [
          1.0,
          0.945983151384138,
          0.9050072652705442
        ],
        [
          0.945983151384138,
          1.0,
          0.9570598084389923
        ],
        [
          0.9050072652705442,
          0.9570598084389923,
          1.0
        ]
      ],
      "status": "PASS"
    },
    {
      "triplet": [
        "A3_Chirality",
        "A4_Variance",
        "A5_Texture"
      ],
      "dimension": 4,
      "rank": 3,
      "min_singular_value": 0.1466848249658644,
      "max_singular_value": 1.026378763250792,
      "condition_number": 6.997170726349126,
      "max_pairwise_overlap": 0.9083095506808944,
      "gram_matrix": [
        [
          1.0,
          0.2798945100924748,
          0.12894383936202403
        ],
        [
          0.2798945100924748,
          1.0,
          0.9083095506808944
        ],
        [
          0.12894383936202403,
          0.9083095506808944,
          1.0
        ]
      ],
      "status": "PASS"
    },
    {
      "triplet": [
        "A3_Chirality",
        "A4_Variance",
        "A5_Texture"
      ],
      "dimension": 8,
      "rank": 3,
      "min_singular_value": 0.1523624839306714,
      "max_singular_value": 1.005500208868704,
      "condition_number": 6.599394962123555,
      "max_pairwise_overlap": 0.9057878165543374,
      "gram_matrix": [
        [
          1.0,
          0.1395956432958539,
          0.05607237319166291
        ],
        [
          0.1395956432958539,
          1.0,
          0.9057878165543374
        ],
        [
          0.05607237319166291,
          0.9057878165543374,
          1.0
        ]
      ],
      "status": "PASS"
    },
    {
      "triplet": [
        "A3_Chirality",
        "A4_Variance",
        "A6_Precedence"
      ],
      "dimension": 4,
      "rank": 3,
      "min_singular_value": 0.2132304763239779,
      "max_singular_value": 1.1624273956143092,
      "condition_number": 5.451506818603836,
      "max_pairwise_overlap": 0.8890752638232577,
      "gram_matrix": [
        [
          1.0,
          0.2798945100924748,
          0.113992624743097
        ],
        [
          0.2798945100924748,
          1.0,
          0.8890752638232577
        ],
        [
          0.113992624743097,
          0.8890752638232577,
          1.0
        ]
      ],
      "status": "PASS"
    },
    {
      "triplet": [
        "A3_Chirality",
        "A4_Variance",
        "A6_Precedence"
      ],
      "dimension": 8,
      "rank": 3,
      "min_singular_value": 0.21732847105524997,
      "max_singular_value": 1.094903460200629,
      "condition_number": 5.038012069400143,
      "max_pairwise_overlap": 0.8828970662440377,
      "gram_matrix": [
        [
          1.0,
          0.1395956432958539,
          0.0514225641743843
        ],
        [
          0.1395956432958539,
          1.0,
          0.8828970662440377
        ],
        [
          0.0514225641743843,
          0.8828970662440377,
          1.0
        ]
      ],
      "status": "PASS"
    },
    {
      "triplet": [
        "A3_Chirality",
        "A5_Texture",
        "A6_Precedence"
      ],
      "dimension": 4,
      "rank": 3,
      "min_singular_value": 0.08186552959818237,
      "max_singular_value": 1.1282531152829764,
      "condition_number": 13.781784846696047,
      "max_pairwise_overlap": 0.9818098735484806,
      "gram_matrix": [
        [
          1.0,
          0.12894383936202403,
          0.113992624743097
        ],
        [
          0.12894383936202403,
          1.0,
          0.9818098735484806
        ],
        [
          0.113992624743097,
          0.9818098735484806,
          1.0
        ]
      ],
      "status": "PASS"
    },
    {
      "triplet": [
        "A3_Chirality",
        "A5_Texture",
        "A6_Precedence"
      ],
      "dimension": 8,
      "rank": 3,
      "min_singular_value": 0.12718812356866427,
      "max_singular_value": 1.0862735457281762,
      "condition_number": 8.540683793811429,
      "max_pairwise_overlap": 0.9570598084389923,
      "gram_matrix": [
        [
          1.0,
          0.05607237319166291,
          0.0514225641743843
        ],
        [
          0.05607237319166291,
          1.0,
          0.9570598084389923
        ],
        [
          0.0514225641743843,
          0.9570598084389923,
          1.0
        ]
      ],
      "status": "PASS"
    },
    {
      "triplet": [
        "A4_Variance",
        "A5_Texture",
        "A6_Precedence"
      ],
      "dimension": 4,
      "rank": 3,
      "min_singular_value": 0.07640762999480295,
      "max_singular_value": 1.2187287954541206,
      "condition_number": 15.950354637841997,
      "max_pairwise_overlap": 0.9818098735484806,
      "gram_matrix": [
        [
          1.0,
          0.9083095506808944,
          0.8890752638232577
        ],
        [
          0.9083095506808944,
          1.0,
          0.9818098735484806
        ],
        [
          0.8890752638232577,
          0.9818098735484806,
          1.0
        ]
      ],
      "status": "PASS"
    },
    {
      "triplet": [
        "A4_Variance",
        "A5_Texture",
        "A6_Precedence"
      ],
      "dimension": 8,
      "rank": 3,
      "min_singular_value": 0.11560655730572472,
      "max_singular_value": 1.180098514204405,
      "condition_number": 10.207885622643376,
      "max_pairwise_overlap": 0.9570598084389923,
      "gram_matrix": [
        [
          1.0,
          0.9057878165543374,
          0.8828970662440377
        ],
        [
          0.9057878165543374,
          1.0,
          0.9570598084389923
        ],
        [
          0.8828970662440377,
          0.9570598084389923,
          1.0
        ]
      ],
      "status": "PASS"
    }
  ]
}