{
  "timestamp": "2026-03-25T05:07:24.605612+00:00",
  "dimensions": [
    4,
    8
  ],
  "rank_epsilon": 1e-06,
  "condition_cap": 100000000.0,
  "triplet_count": 20,
  "evidence_ledger": [
    {
      "token_id": "",
      "sim_spec_id": "S_SIM_TRIPLET_A1_Coupling_A2_Frame_A3_Chirality",
      "status": "KILL",
      "measured_value": 9.159044702156876e+29,
      "kill_reason": "TRIPLET_RANK_COLLAPSE",
      "timestamp": "2026-03-25T05:07:23.941848"
    },
    {
      "token_id": "E_SIM_TRIPLET_A1_Coupling_A2_Frame_A4_Variance_OK",
      "sim_spec_id": "S_SIM_TRIPLET_A1_Coupling_A2_Frame_A4_Variance",
      "status": "PASS",
      "measured_value": 8.818310407082883,
      "kill_reason": null,
      "timestamp": "2026-03-25T05:07:23.982913"
    },
    {
      "token_id": "E_SIM_TRIPLET_A1_Coupling_A2_Frame_A5_Texture_OK",
      "sim_spec_id": "S_SIM_TRIPLET_A1_Coupling_A2_Frame_A5_Texture",
      "status": "PASS",
      "measured_value": 7.741320635154136,
      "kill_reason": null,
      "timestamp": "2026-03-25T05:07:24.012052"
    },
    {
      "token_id": "E_SIM_TRIPLET_A1_Coupling_A2_Frame_A6_Precedence_OK",
      "sim_spec_id": "S_SIM_TRIPLET_A1_Coupling_A2_Frame_A6_Precedence",
      "status": "PASS",
      "measured_value": 5.595606995102357,
      "kill_reason": null,
      "timestamp": "2026-03-25T05:07:24.051136"
    },
    {
      "token_id": "",
      "sim_spec_id": "S_SIM_TRIPLET_A1_Coupling_A3_Chirality_A4_Variance",
      "status": "KILL",
      "measured_value": 9.111239522647752e+29,
      "kill_reason": "TRIPLET_RANK_COLLAPSE",
      "timestamp": "2026-03-25T05:07:24.086655"
    },
    {
      "token_id": "",
      "sim_spec_id": "S_SIM_TRIPLET_A1_Coupling_A3_Chirality_A5_Texture",
      "status": "KILL",
      "measured_value": 8.874287382992542e+29,
      "kill_reason": "TRIPLET_RANK_COLLAPSE",
      "timestamp": "2026-03-25T05:07:24.110488"
    },
    {
      "token_id": "",
      "sim_spec_id": "S_SIM_TRIPLET_A1_Coupling_A3_Chirality_A6_Precedence",
      "status": "KILL",
      "measured_value": 1.0197512890277473e+30,
      "kill_reason": "TRIPLET_RANK_COLLAPSE",
      "timestamp": "2026-03-25T05:07:24.143541"
    },
    {
      "token_id": "E_SIM_TRIPLET_A1_Coupling_A4_Variance_A5_Texture_OK",
      "sim_spec_id": "S_SIM_TRIPLET_A1_Coupling_A4_Variance_A5_Texture",
      "status": "PASS",
      "measured_value": 6.439767558972892,
      "kill_reason": null,
      "timestamp": "2026-03-25T05:07:24.184000"
    },
    {
      "token_id": "E_SIM_TRIPLET_A1_Coupling_A4_Variance_A6_Precedence_OK",
      "sim_spec_id": "S_SIM_TRIPLET_A1_Coupling_A4_Variance_A6_Precedence",
      "status": "PASS",
      "measured_value": 5.51013713426743,
      "kill_reason": null,
      "timestamp": "2026-03-25T05:07:24.233788"
    },
    {
      "token_id": "E_SIM_TRIPLET_A1_Coupling_A5_Texture_A6_Precedence_OK",
      "sim_spec_id": "S_SIM_TRIPLET_A1_Coupling_A5_Texture_A6_Precedence",
      "status": "PASS",
      "measured_value": 13.668247809137668,
      "kill_reason": null,
      "timestamp": "2026-03-25T05:07:24.273052"
    },
    {
      "token_id": "",
      "sim_spec_id": "S_SIM_TRIPLET_A2_Frame_A3_Chirality_A4_Variance",
      "status": "KILL",
      "measured_value": 8.108674546247845e+29,
      "kill_reason": "TRIPLET_RANK_COLLAPSE",
      "timestamp": "2026-03-25T05:07:24.302340"
    },
    {
      "token_id": "",
      "sim_spec_id": "S_SIM_TRIPLET_A2_Frame_A3_Chirality_A5_Texture",
      "status": "KILL",
      "measured_value": 7.414220685722512e+29,
      "kill_reason": "TRIPLET_RANK_COLLAPSE",
      "timestamp": "2026-03-25T05:07:24.320457"
    },
    {
      "token_id": "",
      "sim_spec_id": "S_SIM_TRIPLET_A2_Frame_A3_Chirality_A6_Precedence",
      "status": "KILL",
      "measured_value": 1.1301085511834644e+30,
      "kill_reason": "TRIPLET_RANK_COLLAPSE",
      "timestamp": "2026-03-25T05:07:24.349250"
    },
    {
      "token_id": "E_SIM_TRIPLET_A2_Frame_A4_Variance_A5_Texture_OK",
      "sim_spec_id": "S_SIM_TRIPLET_A2_Frame_A4_Variance_A5_Texture",
      "status": "PASS",
      "measured_value": 8.354546601584623,
      "kill_reason": null,
      "timestamp": "2026-03-25T05:07:24.384364"
    },
    {
      "token_id": "E_SIM_TRIPLET_A2_Frame_A4_Variance_A6_Precedence_OK",
      "sim_spec_id": "S_SIM_TRIPLET_A2_Frame_A4_Variance_A6_Precedence",
      "status": "PASS",
      "measured_value": 11.24964979466196,
      "kill_reason": null,
      "timestamp": "2026-03-25T05:07:24.428240"
    },
    {
      "token_id": "E_SIM_TRIPLET_A2_Frame_A5_Texture_A6_Precedence_OK",
      "sim_spec_id": "S_SIM_TRIPLET_A2_Frame_A5_Texture_A6_Precedence",
      "status": "PASS",
      "measured_value": 16.660326157440604,
      "kill_reason": null,
      "timestamp": "2026-03-25T05:07:24.461287"
    },
    {
      "token_id": "",
      "sim_spec_id": "S_SIM_TRIPLET_A3_Chirality_A4_Variance_A5_Texture",
      "status": "KILL",
      "measured_value": 5.739962346146293e+16,
      "kill_reason": "TRIPLET_RANK_COLLAPSE",
      "timestamp": "2026-03-25T05:07:24.491195"
    },
    {
      "token_id": "",
      "sim_spec_id": "S_SIM_TRIPLET_A3_Chirality_A4_Variance_A6_Precedence",
      "status": "KILL",
      "measured_value": 2.8255311393967475e+17,
      "kill_reason": "TRIPLET_RANK_COLLAPSE",
      "timestamp": "2026-03-25T05:07:24.531104"
    },
    {
      "token_id": "",
      "sim_spec_id": "S_SIM_TRIPLET_A3_Chirality_A5_Texture_A6_Precedence",
      "status": "KILL",
      "measured_value": 3.103612795954e+17,
      "kill_reason": "TRIPLET_RANK_COLLAPSE",
      "timestamp": "2026-03-25T05:07:24.559835"
    },
    {
      "token_id": "E_SIM_TRIPLET_A4_Variance_A5_Texture_A6_Precedence_OK",
      "sim_spec_id": "S_SIM_TRIPLET_A4_Variance_A5_Texture_A6_Precedence",
      "status": "PASS",
      "measured_value": 15.950354637841997,
      "kill_reason": null,
      "timestamp": "2026-03-25T05:07:24.605294"
    }
  ],
  "measurements": [
    {
      "triplet": [
        "A1_Coupling",
        "A2_Frame",
        "A3_Chirality"
      ],
      "dimension": 4,
      "rank": 2,
      "min_singular_value": 0.0,
      "max_singular_value": 0.9159044702156877,
      "condition_number": 9.159044702156876e+29,
      "max_pairwise_overlap": 0.3282307800732251,
      "gram_matrix": [
        [
          1.0,
          0.3282307800732251,
          0.0
        ],
        [
          0.3282307800732251,
          1.0,
          0.0
        ],
        [
          0.0,
          0.0,
          0.0
        ]
      ],
      "status": "KILL"
    },
    {
      "triplet": [
        "A1_Coupling",
        "A2_Frame",
        "A3_Chirality"
      ],
      "dimension": 8,
      "rank": 2,
      "min_singular_value": 0.0,
      "max_singular_value": 0.861398468223451,
      "condition_number": 8.61398468223451e+29,
      "max_pairwise_overlap": 0.1458036743699574,
      "gram_matrix": [
        [
          1.0,
          0.1458036743699574,
          0.0
        ],
        [
          0.1458036743699574,
          1.0,
          0.0
        ],
        [
          0.0,
          0.0,
          0.0
        ]
      ],
      "status": "KILL"
    },
    {
      "triplet": [
        "A1_Coupling",
        "A2_Frame",
        "A4_Variance"
      ],
      "dimension": 4,
      "rank": 3,
      "min_singular_value": 0.11106252104875124,
      "max_singular_value": 0.9793837852010647,
      "condition_number": 8.818310407082883,
      "max_pairwise_overlap": 0.9630290372980048,
      "gram_matrix": [
        [
          1.0,
          0.3282307800732251,
          0.31352779976108036
        ],
        [
          0.3282307800732251,
          1.0,
          0.9630290372980048
        ],
        [
          0.31352779976108036,
          0.9630290372980048,
          1.0
        ]
      ],
      "status": "PASS"
    },
    {
      "triplet": [
        "A1_Coupling",
        "A2_Frame",
        "A4_Variance"
      ],
      "dimension": 8,
      "rank": 3,
      "min_singular_value": 0.13512696075574993,
      "max_singular_value": 0.876574188694155,
      "condition_number": 6.4870414001141885,
      "max_pairwise_overlap": 0.9353774328887072,
      "gram_matrix": [
        [
          1.0,
          0.1458036743699574,
          0.13167171116691714
        ],
        [
          0.1458036743699574,
          1.0,
          0.9353774328887072
        ],
        [
          0.13167171116691714,
          0.9353774328887072,
          1.0
        ]
      ],
      "status": "PASS"
    },
    {
      "triplet": [
        "A1_Coupling",
        "A2_Frame",
        "A5_Texture"
      ],
      "dimension": 4,
      "rank": 3,
      "min_singular_value": 0.13725409435540636,
      "max_singular_value": 0.9354698019068528,
      "condition_number": 6.815605802509199,
      "max_pairwise_overlap": 0.9143713552459084,
      "gram_matrix": [
        [
          1.0,
          0.3282307800732251,
          0.1479721095930855
        ],
        [
          0.3282307800732251,
          1.0,
          0.9143713552459084
        ],
        [
          0.1479721095930855,
          0.9143713552459084,
          1.0
        ]
      ],
      "status": "PASS"
    },
    {
      "triplet": [
        "A1_Coupling",
        "A2_Frame",
        "A5_Texture"
      ],
      "dimension": 8,
      "rank": 3,
      "min_singular_value": 0.1117822722698123,
      "max_singular_value": 0.8653424109667159,
      "condition_number": 7.741320635154136,
      "max_pairwise_overlap": 0.945983151384138,
      "gram_matrix": [
        [
          1.0,
          0.1458036743699574,
          0.03595036762117128
        ],
        [
          0.1458036743699574,
          1.0,
          0.945983151384138
        ],
        [
          0.03595036762117128,
          0.945983151384138,
          1.0
        ]
      ],
      "status": "PASS"
    },
    {
      "triplet": [
        "A1_Coupling",
        "A2_Frame",
        "A6_Precedence"
      ],
      "dimension": 4,
      "rank": 3,
      "min_singular_value": 0.20912342406920603,
      "max_singular_value": 1.1566144453323908,
      "condition_number": 5.530774232874209,
      "max_pairwise_overlap": 0.8888000701107136,
      "gram_matrix": [
        [
          1.0,
          0.3282307800732251,
          0.13033570921925497
        ],
        [
          0.3282307800732251,
          1.0,
          0.8888000701107136
        ],
        [
          0.13033570921925497,
          0.8888000701107136,
          1.0
        ]
      ],
      "status": "PASS"
    },
    {
      "triplet": [
        "A1_Coupling",
        "A2_Frame",
        "A6_Precedence"
      ],
      "dimension": 8,
      "rank": 3,
      "min_singular_value": 0.19529295235060115,
      "max_singular_value": 1.0927826102672151,
      "condition_number": 5.595606995102357,
      "max_pairwise_overlap": 0.9050072652705442,
      "gram_matrix": [
        [
          1.0,
          0.1458036743699574,
          0.030812356623114955
        ],
        [
          0.1458036743699574,
          1.0,
          0.9050072652705442
        ],
        [
          0.030812356623114955,
          0.9050072652705442,
          1.0
        ]
      ],
      "status": "PASS"
    },
    {
      "triplet": [
        "A1_Coupling",
        "A3_Chirality",
        "A4_Variance"
      ],
      "dimension": 4,
      "rank": 2,
      "min_singular_value": 2.429792711266953e-35,
      "max_singular_value": 0.9111239522647753,
      "condition_number": 9.111239522647752e+29,
      "max_pairwise_overlap": 0.31352779976108036,
      "gram_matrix": [
        [
          1.0,
          0.0,
          0.31352779976108036
        ],
        [
          0.0,
          0.0,
          0.0
        ],
        [
          0.31352779976108036,
          0.0,
          1.0
        ]
      ],
      "status": "KILL"
    },
    {
      "triplet": [
        "A1_Coupling",
        "A3_Chirality",
        "A4_Variance"
      ],
      "dimension": 8,
      "rank": 2,
      "min_singular_value": 6.115451638350908e-35,
      "max_singular_value": 0.8600478632728218,
      "condition_number": 8.600478632728217e+29,
      "max_pairwise_overlap": 0.13167171116691714,
      "gram_matrix": [
        [
          1.0,
          0.0,
          0.13167171116691714
        ],
        [
          0.0,
          0.0,
          0.0
        ],
        [
          0.13167171116691714,
          0.0,
          1.0
        ]
      ],
      "status": "KILL"
    },
    {
      "triplet": [
        "A1_Coupling",
        "A3_Chirality",
        "A5_Texture"
      ],
      "dimension": 4,
      "rank": 2,
      "min_singular_value": 1.9482908071631493e-32,
      "max_singular_value": 0.8874287382992543,
      "condition_number": 8.874287382992542e+29,
      "max_pairwise_overlap": 0.1479721095930855,
      "gram_matrix": [
        [
          1.0,
          0.0,
          0.1479721095930855
        ],
        [
          0.0,
          0.0,
          0.0
        ],
        [
          0.1479721095930855,
          0.0,
          1.0
        ]
      ],
      "status": "KILL"
    },
    {
      "triplet": [
        "A1_Coupling",
        "A3_Chirality",
        "A5_Texture"
      ],
      "dimension": 8,
      "rank": 2,
      "min_singular_value": 4.238079896541764e-38,
      "max_singular_value": 0.8558800552696246,
      "condition_number": 8.558800552696246e+29,
      "max_pairwise_overlap": 0.03595036762117128,
      "gram_matrix": [
        [
          1.0,
          0.0,
          0.03595036762117128
        ],
        [
          0.0,
          0.0,
          0.0
        ],
        [
          0.03595036762117128,
          0.0,
          1.0
        ]
      ],
      "status": "KILL"
    },
    {
      "triplet": [
        "A1_Coupling",
        "A3_Chirality",
        "A6_Precedence"
      ],
      "dimension": 4,
      "rank": 2,
      "min_singular_value": 1.449792296784898e-34,
      "max_singular_value": 1.0197512890277474,
      "condition_number": 1.0197512890277473e+30,
      "max_pairwise_overlap": 0.13033570921925497,
      "gram_matrix": [
        [
          1.0,
          0.0,
          0.13033570921925497
        ],
        [
          0.0,
          0.0,
          0.0
        ],
        [
          0.13033570921925497,
          0.0,
          1.0
        ]
      ],
      "status": "KILL"
    },
    {
      "triplet": [
        "A1_Coupling",
        "A3_Chirality",
        "A6_Precedence"
      ],
      "dimension": 8,
      "rank": 2,
      "min_singular_value": 7.502404767201326e-32,
      "max_singular_value": 0.9712446095152611,
      "condition_number": 9.71244609515261e+29,
      "max_pairwise_overlap": 0.030812356623114955,
      "gram_matrix": [
        [
          1.0,
          0.0,
          0.030812356623114955
        ],
        [
          0.0,
          0.0,
          0.0
        ],
        [
          0.030812356623114955,
          0.0,
          1.0
        ]
      ],
      "status": "KILL"
    },
    {
      "triplet": [
        "A1_Coupling",
        "A4_Variance",
        "A5_Texture"
      ],
      "dimension": 4,
      "rank": 3,
      "min_singular_value": 0.1442359182482772,
      "max_singular_value": 0.9288457871739216,
      "condition_number": 6.439767558972892,
      "max_pairwise_overlap": 0.9083095506808944,
      "gram_matrix": [
        [
          1.0,
          0.31352779976108036,
          0.1479721095930855
        ],
        [
          0.31352779976108036,
          1.0,
          0.9083095506808944
        ],
        [
          0.1479721095930855,
          0.9083095506808944,
          1.0
        ]
      ],
      "status": "PASS"
    },
    {
      "triplet": [
        "A1_Coupling",
        "A4_Variance",
        "A5_Texture"
      ],
      "dimension": 8,
      "rank": 3,
      "min_singular_value": 0.15138575907079915,
      "max_singular_value": 0.8629446991005431,
      "condition_number": 5.700303016593301,
      "max_pairwise_overlap": 0.9057878165543374,
      "gram_matrix": [
        [
          1.0,
          0.13167171116691714,
          0.03595036762117128
        ],
        [
          0.13167171116691714,
          1.0,
          0.9057878165543374
        ],
        [
          0.03595036762117128,
          0.9057878165543374,
          1.0
        ]
      ],
      "status": "PASS"
    },
    {
      "triplet": [
        "A1_Coupling",
        "A4_Variance",
        "A6_Precedence"
      ],
      "dimension": 4,
      "rank": 3,
      "min_singular_value": 0.2084979914677586,
      "max_singular_value": 1.1488525252066706,
      "condition_number": 5.51013713426743,
      "max_pairwise_overlap": 0.8890752638232577,
      "gram_matrix": [
        [
          1.0,
          0.31352779976108036,
          0.13033570921925497
        ],
        [
          0.31352779976108036,
          1.0,
          0.8890752638232577
        ],
        [
          0.13033570921925497,
          0.8890752638232577,
          1.0
        ]
      ],
      "status": "PASS"
    },
    {
      "triplet": [
        "A1_Coupling",
        "A4_Variance",
        "A6_Precedence"
      ],
      "dimension": 8,
      "rank": 3,
      "min_singular_value": 0.21606203386356962,
      "max_singular_value": 1.0834245398501048,
      "condition_number": 5.014414242412544,
      "max_pairwise_overlap": 0.8828970662440377,
      "gram_matrix": [
        [
          1.0,
          0.13167171116691714,
          0.030812356623114955
        ],
        [
          0.13167171116691714,
          1.0,
          0.8828970662440377
        ],
        [
          0.030812356623114955,
          0.8828970662440377,
          1.0
        ]
      ],
      "status": "PASS"
    },
    {
      "triplet": [
        "A1_Coupling",
        "A5_Texture",
        "A6_Precedence"
      ],
      "dimension": 4,
      "rank": 3,
      "min_singular_value": 0.08174420785909142,
      "max_singular_value": 1.1173000899797205,
      "condition_number": 13.668247809137668,
      "max_pairwise_overlap": 0.9818098735484806,
      "gram_matrix": [
        [
          1.0,
          0.1479721095930855,
          0.13033570921925497
        ],
        [
          0.1479721095930855,
          1.0,
          0.9818098735484806
        ],
        [
          0.13033570921925497,
          0.9818098735484806,
          1.0
        ]
      ],
      "status": "PASS"
    },
    {
      "triplet": [
        "A1_Coupling",
        "A5_Texture",
        "A6_Precedence"
      ],
      "dimension": 8,
      "rank": 3,
      "min_singular_value": 0.12718847966899074,
      "max_singular_value": 1.0789252379392362,
      "condition_number": 8.482884933817509,
      "max_pairwise_overlap": 0.9570598084389923,
      "gram_matrix": [
        [
          1.0,
          0.03595036762117128,
          0.030812356623114955
        ],
        [
          0.03595036762117128,
          1.0,
          0.9570598084389923
        ],
        [
          0.030812356623114955,
          0.9570598084389923,
          1.0
        ]
      ],
      "status": "PASS"
    },
    {
      "triplet": [
        "A2_Frame",
        "A3_Chirality",
        "A4_Variance"
      ],
      "dimension": 4,
      "rank": 2,
      "min_singular_value": 1.446576606239615e-36,
      "max_singular_value": 0.8108674546247846,
      "condition_number": 8.108674546247845e+29,
      "max_pairwise_overlap": 0.9630290372980048,
      "gram_matrix": [
        [
          1.0,
          0.0,
          0.9630290372980048
        ],
        [
          0.0,
          0.0,
          0.0
        ],
        [
          0.9630290372980048,
          0.0,
          1.0
        ]
      ],
      "status": "KILL"
    },
    {
      "triplet": [
        "A2_Frame",
        "A3_Chirality",
        "A4_Variance"
      ],
      "dimension": 8,
      "rank": 2,
      "min_singular_value": 5.461247752513602e-37,
      "max_singular_value": 0.7402470594301214,
      "condition_number": 7.402470594301214e+29,
      "max_pairwise_overlap": 0.9353774328887072,
      "gram_matrix": [
        [
          1.0,
          0.0,
          0.9353774328887072
        ],
        [
          0.0,
          0.0,
          0.0
        ],
        [
          0.9353774328887072,
          0.0,
          1.0
        ]
      ],
      "status": "KILL"
    },
    {
      "triplet": [
        "A2_Frame",
        "A3_Chirality",
        "A5_Texture"
      ],
      "dimension": 4,
      "rank": 2,
      "min_singular_value": 1.8917437578597436e-38,
      "max_singular_value": 0.7414220685722513,
      "condition_number": 7.414220685722512e+29,
      "max_pairwise_overlap": 0.9143713552459084,
      "gram_matrix": [
        [
          1.0,
          0.0,
          0.9143713552459084
        ],
        [
          0.0,
          0.0,
          0.0
        ],
        [
          0.9143713552459084,
          0.0,
          1.0
        ]
      ],
      "status": "KILL"
    },
    {
      "triplet": [
        "A2_Frame",
        "A3_Chirality",
        "A5_Texture"
      ],
      "dimension": 8,
      "rank": 2,
      "min_singular_value": 3.440298513003836e-39,
      "max_singular_value": 0.716228063906075,
      "condition_number": 7.162280639060749e+29,
      "max_pairwise_overlap": 0.945983151384138,
      "gram_matrix": [
        [
          1.0,
          0.0,
          0.945983151384138
        ],
        [
          0.0,
          0.0,
          0.0
        ],
        [
          0.945983151384138,
          0.0,
          1.0
        ]
      ],
      "status": "KILL"
    },
    {
      "triplet": [
        "A2_Frame",
        "A3_Chirality",
        "A6_Precedence"
      ],
      "dimension": 4,
      "rank": 2,
      "min_singular_value": 1.2577549204073771e-36,
      "max_singular_value": 1.1301085511834645,
      "condition_number": 1.1301085511834644e+30,
      "max_pairwise_overlap": 0.8888000701107136,
      "gram_matrix": [
        [
          1.0,
          0.0,
          0.8888000701107136
        ],
        [
          0.0,
          0.0,
          0.0
        ],
        [
          0.8888000701107136,
          0.0,
          1.0
        ]
      ],
      "status": "KILL"
    },
    {
      "triplet": [
        "A2_Frame",
        "A3_Chirality",
        "A6_Precedence"
      ],
      "dimension": 8,
      "rank": 2,
      "min_singular_value": 5.330192250836153e-33,
      "max_singular_value": 1.0898998150434454,
      "condition_number": 1.0898998150434453e+30,
      "max_pairwise_overlap": 0.9050072652705442,
      "gram_matrix": [
        [
          1.0,
          0.0,
          0.9050072652705442
        ],
        [
          0.0,
          0.0,
          0.0
        ],
        [
          0.9050072652705442,
          0.0,
          1.0
        ]
      ],
      "status": "KILL"
    },
    {
      "triplet": [
        "A2_Frame",
        "A4_Variance",
        "A5_Texture"
      ],
      "dimension": 4,
      "rank": 3,
      "min_singular_value": 0.11100247781817231,
      "max_singular_value": 0.9273753738232839,
      "condition_number": 8.354546601584623,
      "max_pairwise_overlap": 0.9630290372980048,
      "gram_matrix": [
        [
          1.0,
          0.9630290372980048,
          0.9143713552459084
        ],
        [
          0.9630290372980048,
          1.0,
          0.9083095506808944
        ],
        [
          0.9143713552459084,
          0.9083095506808944,
          1.0
        ]
      ],
      "status": "PASS"
    },
    {
      "triplet": [
        "A2_Frame",
        "A4_Variance",
        "A5_Texture"
      ],
      "dimension": 8,
      "rank": 3,
      "min_singular_value": 0.11292599996013784,
      "max_singular_value": 0.8756323265125143,
      "condition_number": 7.754036509055549,
      "max_pairwise_overlap": 0.945983151384138,
      "gram_matrix": [
        [
          1.0,
          0.9353774328887072,
          0.945983151384138
        ],
        [
          0.9353774328887072,
          1.0,
          0.9057878165543374
        ],
        [
          0.945983151384138,
          0.9057878165543374,
          1.0
        ]
      ],
      "status": "PASS"
    },
    {
      "triplet": [
        "A2_Frame",
        "A4_Variance",
        "A6_Precedence"
      ],
      "dimension": 4,
      "rank": 3,
      "min_singular_value": 0.1112337675564166,
      "max_singular_value": 1.251340930350518,
      "condition_number": 11.24964979466196,
      "max_pairwise_overlap": 0.9630290372980048,
      "gram_matrix": [
        [
          1.0,
          0.9630290372980048,
          0.8888000701107136
        ],
        [
          0.9630290372980048,
          1.0,
          0.8890752638232577
        ],
        [
          0.8888000701107136,
          0.8890752638232577,
          1.0
        ]
      ],
      "status": "PASS"
    },
    {
      "triplet": [
        "A2_Frame",
        "A4_Variance",
        "A6_Precedence"
      ],
      "dimension": 8,
      "rank": 3,
      "min_singular_value": 0.13343728228076765,
      "max_singular_value": 1.193908542586963,
      "condition_number": 8.947338571201112,
      "max_pairwise_overlap": 0.9353774328887072,
      "gram_matrix": [
        [
          1.0,
          0.9353774328887072,
          0.9050072652705442
        ],
        [
          0.9353774328887072,
          1.0,
          0.8828970662440377
        ],
        [
          0.9050072652705442,
          0.8828970662440377,
          1.0
        ]
      ],
      "status": "PASS"
    },
    {
      "triplet": [
        "A2_Frame",
        "A5_Texture",
        "A6_Precedence"
      ],
      "dimension": 4,
      "rank": 3,
      "min_singular_value": 0.07353973632833308,
      "max_singular_value": 1.2251959927622127,
      "condition_number": 16.660326157440604,
      "max_pairwise_overlap": 0.9818098735484806,
      "gram_matrix": [
        [
          1.0,
          0.9143713552459084,
          0.8888000701107136
        ],
        [
          0.9143713552459084,
          1.0,
          0.9818098735484806
        ],
        [
          0.8888000701107136,
          0.9818098735484806,
          1.0
        ]
      ],
      "status": "PASS"
    },
    {
      "triplet": [
        "A2_Frame",
        "A5_Texture",
        "A6_Precedence"
      ],
      "dimension": 8,
      "rank": 3,
      "min_singular_value": 0.09621881912569798,
      "max_singular_value": 1.1892884654183884,
      "condition_number": 12.360247987087954,
      "max_pairwise_overlap": 0.9570598084389923,
      "gram_matrix": [
        [
          1.0,
          0.945983151384138,
          0.9050072652705442
        ],
        [
          0.945983151384138,
          1.0,
          0.9570598084389923
        ],
        [
          0.9050072652705442,
          0.9570598084389923,
          1.0
        ]
      ],
      "status": "PASS"
    },
    {
      "triplet": [
        "A3_Chirality",
        "A4_Variance",
        "A5_Texture"
      ],
      "dimension": 4,
      "rank": 2,
      "min_singular_value": 1.4098480502937247e-17,
      "max_singular_value": 0.728660997456371,
      "condition_number": 5.168365465374537e+16,
      "max_pairwise_overlap": 0.9083095506808944,
      "gram_matrix": [
        [
          0.0,
          0.0,
          0.0
        ],
        [
          0.0,
          1.0,
          0.9083095506808944
        ],
        [
          0.0,
          0.9083095506808944,
          1.0
        ]
      ],
      "status": "KILL"
    },
    {
      "triplet": [
        "A3_Chirality",
        "A4_Variance",
        "A5_Texture"
      ],
      "dimension": 8,
      "rank": 2,
      "min_singular_value": 1.2208731025132994e-17,
      "max_singular_value": 0.7007765637849142,
      "condition_number": 5.739962346146293e+16,
      "max_pairwise_overlap": 0.9057878165543374,
      "gram_matrix": [
        [
          0.0,
          0.0,
          0.0
        ],
        [
          0.0,
          1.0,
          0.9057878165543374
        ],
        [
          0.0,
          0.9057878165543374,
          1.0
        ]
      ],
      "status": "KILL"
    },
    {
      "triplet": [
        "A3_Chirality",
        "A4_Variance",
        "A6_Precedence"
      ],
      "dimension": 4,
      "rank": 2,
      "min_singular_value": 1.48376961180355e-17,
      "max_singular_value": 1.123332284309515,
      "condition_number": 7.570799909725093e+16,
      "max_pairwise_overlap": 0.8890752638232577,
      "gram_matrix": [
        [
          0.0,
          0.0,
          0.0
        ],
        [
          0.0,
          1.0,
          0.8890752638232577
        ],
        [
          0.0,
          0.8890752638232577,
          1.0
        ]
      ],
      "status": "KILL"
    },
    {
      "triplet": [
        "A3_Chirality",
        "A4_Variance",
        "A6_Precedence"
      ],
      "dimension": 8,
      "rank": 2,
      "min_singular_value": 3.8252770200371645e-18,
      "max_singular_value": 1.0808439336933804,
      "condition_number": 2.8255311393967475e+17,
      "max_pairwise_overlap": 0.8828970662440377,
      "gram_matrix": [
        [
          0.0,
          0.0,
          0.0
        ],
        [
          0.0,
          1.0,
          0.8828970662440377
        ],
        [
          0.0,
          0.8828970662440377,
          1.0
        ]
      ],
      "status": "KILL"
    },
    {
      "triplet": [
        "A3_Chirality",
        "A5_Texture",
        "A6_Precedence"
      ],
      "dimension": 4,
      "rank": 2,
      "min_singular_value": 1.0899825211396537e-17,
      "max_singular_value": 1.1009320384796393,
      "condition_number": 1.0100455898398602e+17,
      "max_pairwise_overlap": 0.9818098735484806,
      "gram_matrix": [
        [
          0.0,
          0.0,
          0.0
        ],
        [
          0.0,
          1.0,
          0.9818098735484806
        ],
        [
          0.0,
          0.9818098735484806,
          1.0
        ]
      ],
      "status": "KILL"
    },
    {
      "triplet": [
        "A3_Chirality",
        "A5_Texture",
        "A6_Precedence"
      ],
      "dimension": 8,
      "rank": 2,
      "min_singular_value": 3.473331318061013e-18,
      "max_singular_value": 1.0779875523321933,
      "condition_number": 3.103612795954e+17,
      "max_pairwise_overlap": 0.9570598084389923,
      "gram_matrix": [
        [
          0.0,
          0.0,
          0.0
        ],
        [
          0.0,
          1.0,
          0.9570598084389923
        ],
        [
          0.0,
          0.9570598084389923,
          1.0
        ]
      ],
      "status": "KILL"
    },
    {
      "triplet": [
        "A4_Variance",
        "A5_Texture",
        "A6_Precedence"
      ],
      "dimension": 4,
      "rank": 3,
      "min_singular_value": 0.07640762999480295,
      "max_singular_value": 1.2187287954541206,
      "condition_number": 15.950354637841997,
      "max_pairwise_overlap": 0.9818098735484806,
      "gram_matrix": [
        [
          1.0,
          0.9083095506808944,
          0.8890752638232577
        ],
        [
          0.9083095506808944,
          1.0,
          0.9818098735484806
        ],
        [
          0.8890752638232577,
          0.9818098735484806,
          1.0
        ]
      ],
      "status": "PASS"
    },
    {
      "triplet": [
        "A4_Variance",
        "A5_Texture",
        "A6_Precedence"
      ],
      "dimension": 8,
      "rank": 3,
      "min_singular_value": 0.11560655730572472,
      "max_singular_value": 1.180098514204405,
      "condition_number": 10.207885622643376,
      "max_pairwise_overlap": 0.9570598084389923,
      "gram_matrix": [
        [
          1.0,
          0.9057878165543374,
          0.8828970662440377
        ],
        [
          0.9057878165543374,
          1.0,
          0.9570598084389923
        ],
        [
          0.8828970662440377,
          0.9570598084389923,
          1.0
        ]
      ],
      "status": "PASS"
    }
  ]
}